2.49383075263981
0.35546916420762
2.56056862480606
1.36283035834577
1.48489692924595
0.73905612705816
2.19631736306056
2.71576224784501
0.46084844998632
1.60939626729649
0.14456502491878
0.07514182119091
1.18303777987478
2.27702642605549
1.40802710724820
0.31029720596973
0.82308267445266
0.85551618698400
3.68031883652429
0.46480978036705
0.51790993486419
2.71979330486411
0.90992509953984
0.03534766194420
0.35967165949547
0.70243617079809
3.53308253248326
0.28692469391343
0.06583079673573
1.63837862223551
0.01216126457649
2.24023524206414
4.21263426378314
0.44706639831450
4.75871847821784
0.93650047888307
0.28497244932306
0.19594470177681
0.22998109162525
1.05026717213510
1.37425006218052
0.34440514349864
2.90479846700338
0.28031462273823
5.41763250682979
0.95234463678869
2.69719881588316
4.29039671657325
0.55812700662101
10.01420461459222
0.23970160566926
6.16697826926751
0.03671489801763
0.27494558081632
0.73584016608723
0.95325866863585
0.81415096468906
3.38762115248879
3.50081353771380
1.39025057676272
0.15611419005847
0.46241040741809
1.40289974037724
1.15569699663244
0.49080975563951
2.10219792762807
4.41117803178234
0.19474118554034
0.22854303221117
2.30513718592692
0.01086399189249
0.64041058393010
0.08385740280817
1.16873246638037
1.29096234433281
1.54830264539758
2.55926091536774
4.81625746877384
1.29524339171610
2.58124394296352
0.93315055399987
0.68675529460587
0.57672064521382
3.41095350182577
2.21673204769004
1.99519027609016
0.05728082201297
1.31161105921084
1.93573516699494
3.69475004242763
0.01261160188006
0.24093862203925
3.43192906559258
2.07189583139296
0.74281121761934
1.06108020603743
2.05012258488907
0.08295440296648
0.08290473046439
1.16888254367393
2.36097545988825
0.71059041008028
2.05621995423284
5.52552707930737
4.21545777187080
1.97280897897089
0.23524086189055
0.90271628946587
0.41725187786896
1.63131600861878
1.31946946040912
4.01439622611230
0.00097535799121
0.71094005392784
2.08850321054026
4.05174235456193
1.75063602726446
1.48071544353745
0.56828660090762
1.36471516817405
0.09802891026972
2.16077030998404
0.21213125112831
2.35018906134764
0.31590245145978
2.58354665151882
1.86353841282355
0.07271882329366
0.58241544476992
0.83376985880403
0.78475157994016
1.62859391116810
0.05133226229203
4.85653643558202
0.24267707960563
1.08248927218617
4.25825162601831
0.88455803089529
0.30199483972916
1.27129716897499
0.45231818396611
0.30970275275038
2.99421104639258
5.25470195999965
3.51798201221195
2.80813894485765
2.83559241549495
1.01658751661833
0.74929134754232
0.58597031177382
3.82782037907098
0.00009781720542
0.23976068637780
1.38969440632594
0.02029401013953
1.69420976453222
1.55210898159878
0.75847719572286
0.25176393616156
1.04768626705724
0.59576557037103
1.06899157655884
3.63668937144192
2.16589488239180
0.18741140331626
0.96897695775397
4.19772342565894
0.29591623772110
0.54598893716620
1.61711142015241
2.31534061125267
0.73856039877744
0.03087599545031
0.90685239636009
0.09047011917550
0.60001271395436
0.44218845414922
0.43247596169989
2.02223380230962
0.18327675283735
3.25193142617433
0.42317935790569
2.47752779444154
0.27627718044314
0.07200860437816
1.17421679285719
0.76975744053751
0.46533145470951
1.39093276239605
2.31300946723175
0.64879210042413
1.22590390461440
2.33194355590400
3.37919644375867
1.00329717997492
0.44917161908733
0.35281341977073
0.59496776348027
0.42484291336119
0.26259608825457
0.27196442317334
0.86940552614179
0.85017519998177
1.27896920184704
2.24435293477394
1.61377835579610
0.43251619205091
1.86008015139916
3.19057984138538
1.69147867784570
0.35936023707017
1.00406331866885
3.25704421594726
0.05846237408653
0.27406532000648
2.39672561658428
4.67634699004337
0.51806013021545
0.44935672966898
1.47044578381608
2.02765351212372
0.60250694567103
0.02127768961663
3.40411170938125
0.09860227728059
0.06740014195622
5.43777433955331
2.91391518735079
0.64334360208642
1.30700043316543
2.03167382569400
2.18030023245054
8.48441749631677
0.46925690351167
0.18229173147513
2.60206662764430
1.11812065955510
1.30349344847406
0.94673507364528
6.00002375906541
3.45086430557934
0.32191481528027
0.42490690248826
1.86649730723825
1.07074652052329
1.32729879820266
0.33793891173923
0.15899873682544
2.71413333371637
1.73537744395496
0.00509411059397
1.59122696417251
3.54078843340728
1.51769998298233
0.77415772404997
3.54437299220939
1.06824508720462
0.20784890909898
6.33944042056536
4.05778955474083
1.93996830492339
0.62883303707689
0.01334502659549
1.18831272768634
2.31956160755945
0.68092630471515
0.80474735138415
0.98761375172642
0.64176004588217
0.71121472314613
0.43871525985856
3.80133130391940
5.55754802903728
1.23464153724328
1.40557454274657
0.51516779025539
0.53624535851227
0.09669432115217
1.08335901491143
1.16034695300267
0.82830694204312
0.73369382068662
0.24226907670476
0.63240132384014
0.83379600316877
3.31007471927267
0.38039487697286
0.96005279567550
4.95555207464731
0.31671367398474
4.97664368514779
4.73650338516543
0.50866378673076
1.08486349650143
0.06178082598574
2.14940568117598
0.33081872712830
2.10025689079228
1.21916567154249
2.48006398267061
2.43677830571627
0.53979941932117
4.92064964310651
0.85082871443573
1.04794145539485
0.79592077930837
3.24792189416475
0.93439368846822
2.69104007045449
0.08173245380638
2.66782696674567
3.02204235801183
1.12321213660369
0.33563813840374
4.49489885829348
1.16988006653298
1.08269567667610
0.27777052496624
12.66401158915140
1.37030576356396
0.66936052926201
0.18444599061569
0.28277867753506
1.79502983572520
2.41664672614066
2.50507307669585
1.26099677068811
2.04733957150731
0.33634017389369
0.01246814926787
1.26742245325788
2.17079490341838
0.47284147076867
0.71659412035615
2.48344058849924
1.29301084296073
1.04745808268554
1.68769683620394
2.12244776278337
0.59924223012449
1.49467436526295
4.01808689799764
0.26906559380608
1.18905436562421
1.34494360763337
0.34996506735699
2.47950322520236
0.64244529300334
2.08036558950540
1.71775137922798
1.32768709344079
0.66674416086460
0.29843397887823
2.17763787423599
4.56917858895059
0.07386239750228
0.68798398179739
0.58721896288403
0.15628531531346
0.38738840705036
1.86262340894095
1.17711207182467
4.52504781804032
1.12094169104333
1.45123086277481
0.42076091994890
0.10102539814295
0.00245036683355
2.34144244947590
0.47478468749201
5.62648394299287
3.41548334439743
2.07791998611013
0.00393697735185
1.12755279998498
0.27304450067497
0.82603299437756
0.38878681900429
0.90803628067563
2.98987931154145
0.00615309581680
1.39388872486595
0.72373811219565
0.07809776124830
4.04969769346108
0.46965325875564
0.87452468885693
1.19282173045192
0.75914071995412
0.04525204631317
1.02268895406689
3.31970049324674
0.34958657935723
0.26487719341786
2.00611450783269
1.63910934527570
3.37425612706365
2.08138890361073
3.55767797042299
1.53555710002724
0.13810586513281
3.17523050931073
1.04223727762353
4.73689388743707
2.58826977609677
2.58199615993914
2.36350829401231
0.43765619544078
0.96057774286014
3.04896685750159
0.07172574106300
3.01479424776221
0.63571663938316
0.61582730527738
1.38354226137922
0.92952644147296
1.73178637790621
1.45402517253605
0.73345228084682
0.72364988487491
0.53115117410084
0.34944725477931
1.41335931655813
0.30749187177154
4.38651770658519
2.89357876707299
3.60584160614074
5.49123197029269
3.25261786233818
2.22145995844695
0.74369402757033
2.53869336515091
4.91075027366727
0.79474496739089
1.44486405430763
0.36136106990066
0.20081056449037
0.60298601366986
0.59919969060973
1.87084671633011
2.27777930793321
3.73418756799262
1.73167012570164
0.87351080731851
0.59928810999708
1.45527980790719
1.78493998756343
0.64116615104233
3.71089121221481
0.01308435759865
0.39639899004510
0.01288950784120
0.02402650853738
0.04514490747591
0.24171814587417
0.44385204857617
0.15070033130981
5.91924983676912
6.45581644423296
1.25515611199311
1.03286697960205
5.15766409556452
2.36519148271092
0.90232958971690
0.82943976942758
0.68210560664338
1.06625710263632
1.92985769318885
2.22593699094491
0.16943094303140
2.01825717128587
2.69856153894097
0.33829316573267
0.33476260828606
0.80990850192032
0.87825112338764
0.78066283501075
1.29139640331945
1.19773079105111
1.39196825433790
5.02176877342983
2.34837369020293
6.83585609465914
1.33326956831690
0.65776737956594
0.79461043390382
0.10805965873593
0.20816889306692
4.47347553822064
2.88080418974313
3.95517433753743
0.37346939648752
0.20430401814480
1.20405288166869
5.06985277472700
0.60968558700232
0.40990980625887
0.59144560478016
3.86665868519436
0.25496365465173
0.94909715740981
0.73455232293745
0.13190090846790
0.73265725871766
1.75067995416571
0.10461370249732
2.61916686720926
0.11637229515635
0.65546069982965
1.02794690724421
0.55476967693545
0.87790507154399
0.34242643739443
0.35272064424234
5.14144927477581
4.34829568265944
4.63910147497197
1.27532144037376
1.68403637275178
0.95963109752781
2.46653091379903
0.10785261328473
3.97610590099460
0.17269154493309
0.66694012591830
0.37926023413508
0.20425726201965
0.40931302978851
1.85888212107237
1.91053149262724
3.11620706686051
0.38342262058060
0.00954935732938
0.59751865716622
0.79362858140089
0.92602965925117
0.09410636132833
0.67860577860546
4.51430428744835
1.15683223446041
0.29755389039828
1.18730890231367
0.25002090228673
0.07700209883538
0.89732672590772
0.09024915851455
1.51064611660689
1.71133818021985
2.28759622856803
3.28186972766736
0.71948980930290
1.18385689830000
2.11890523214059
1.38152371256534
1.44532196601634
2.72315785369730
0.15450254741160
1.04819578099367
0.98443968332266
0.80414494485318
0.23209480013436
2.52419340059814
1.60583375405671
2.71621260663205
1.51085704184052
0.26098124919817
1.10534654404259
1.68499792489906
1.15965765411907
0.31222289419971
2.26822766989268
0.70593680859038
0.64997916740272
0.61343729860455
1.18855131699777
0.45901549841375
0.42905042470126
0.03232485372679
0.16965184258896
0.13908148851289
1.05449462031287
0.07589129880773
0.98108865748630
0.78917440588099
3.28783633830518
3.08599980310917
0.41264282986421
0.30710974289995
3.92840791809929
0.00154232243063
1.40266034416662
1.08020027666402
0.18967062780283
1.34410203205208
0.25601285398662
4.35156588662756
2.05202267758956
1.50042589469876
0.21369195806272
0.69252475870913
1.21386128142506
4.44622083134868
0.00183544472817
0.04524407144690
0.42211228941323
3.47154578614169
0.82676961654706
3.34044927816026
1.93216665464461
0.49569865388486
7.31317997260931
1.42554713142222
0.84893984581322
0.01477319344595
0.12143569661683
3.17989826785467
1.23244703525237
1.29448636955272
1.18319428664601
0.10807011782884
0.87715217706597
1.83850286922467
1.03768666344986
2.06946841388179
2.06273292453155
0.11682087578400
1.85702658769766
0.80889374453324
0.78029793117529
1.36733645758720
7.92399398557895
2.72034731261895
0.67563902476342
0.26338947774362
1.34338796031140
2.23865691993601
1.12163609165865
0.33798853955547
0.70609950161103
1.45798010100766
1.37917624975648
1.10155448781729
0.32980351453171
1.16615704870952
1.10175187324386
0.42138178675944
0.25234484438883
0.54604933025990
0.01544941679632
1.45516166253160
0.44096493587858
3.74264556464313
0.33512749872355
2.48882227146894
1.34538465766041
8.86311960147078
3.71188854481405
1.86657542656146
0.40096589072771
1.67610407830041
0.31251384433315
0.72279144135368
0.41321834601295
0.42903234971986
1.31686139414106
0.11877326397425
2.36912608491839
1.30724172836185
6.98301291980013
3.62707245366967
0.49084645687261
1.39417156879921
5.61654566528973
0.66578462916525
0.70860555509435
4.40374554410020
0.91258401526992
1.49835549014740
1.42057145232605
0.83465976743813
2.64714981952810
1.87394417702170
0.73880447606736
2.57630218371432
4.95092036116306
1.82959903804260
0.21698820262428
0.45076186216601
0.19494133134387
2.39611980745661
0.01552321398024
5.33195035783605
2.77550416544934
1.21584268485339
0.57107766055534
0.05126543646616
3.21258825160710
0.96450869839123
0.92131055110590
0.03165803495853
0.15984813976735
0.80294172201061
0.98581681502391
0.75328449589249
0.32914084004687
0.81821688049693
2.66547116282955
0.08225655431033
2.41284672575629
0.67898150636566
1.53615586966704
0.01373976617145
0.21922068729343
0.71751057698045
0.14840395387358
0.14833242614359
0.01375068611764
0.99298196503577
1.44294646023168
1.56366668206205
0.06820114238703
1.41589548155962
5.18334541164667
0.17202353275956
0.32602120049612
1.93026151659577
0.67481001711261
0.24895882079648
0.17266213927761
1.08708635918046
1.91419000926266
2.24552342549983
0.14490709981851
0.06829087988978
0.69370426152337
0.94344248585282
1.20721404568658
1.05210824781949
9.23192406695372
1.00705123703069
0.10906490341370
0.37356849815581
1.42595983324792
1.25179297680189
1.26895928506058
10.88643582877991
5.83329923790336
4.94765329942977
2.61521753663140
3.10828357251683
0.34466812278921
1.30802374387614
1.08616257221736
0.56627302932865
0.34234747431448
0.31062515600279
0.00429572526292
0.06364990835302
0.88790408976626
2.59301253733931
4.75503589672669
1.01841311903083
0.34623220538001
1.23600818124742
3.60443058201684
3.04970427284126
0.25148608997722
4.27658655481615
2.07075495492287
0.26549325008443
0.64626911149551
2.67211769664503
0.24799665436920
3.08794032266060
0.36452073980371
4.59262111019605
1.51402524171221
0.66234079990555
0.32421838764564
0.02027540526582
0.13508616867063
0.26507429025475
0.08188217053506
0.74976455986828
1.24074411203773
1.61804221682087
5.53061446687188
0.07228813028434
0.18458393856094
0.15346390544485
0.62227875953370
0.01896130969408
0.63957541255551
1.07797353920781
0.36864919101797
0.00589095692145
0.34063069970844
0.31353527885309
0.09559868605396
0.88354360491559
0.11684713189882
1.01492733808357
0.43187490324643
0.41114659233324
1.36337702073750
1.90167777041420
3.77671409089852
1.43949116680882
0.16928789610589
1.48218536007128
4.06928847546700
0.69583623824482
1.53548450177841
0.42874690546896
1.72281962140162
0.74934140055286
0.53670418294907
0.73665978332612
1.43333585294288
0.12651002469593
0.37622889615486
0.52175662527423
0.69438423573588
0.41842949089148
0.63623751618473
0.54888269844879
0.55294097260933
2.15978272821017
1.38744251084904
0.53128227616098
0.27690746640155
3.68679479409049
0.23992828451527
0.33564178503256
0.06728618029327
0.94385095108258
1.23111736247958
2.10678589955112
0.42530510984994
0.67884606980030
3.04952588359315
0.77304583315040
1.17182022640370
0.18966995405792
1.27548177456632
3.17195524375601
2.37945882599508
3.12882520947198
3.05892792049552
3.40188188819439
1.53384198253657
0.42687857601667
0.97557674510948
0.02364399328890
3.68199925674254
3.67733659732090
0.00892288651478
0.51812607320965
2.14804804439956
2.19501536276662
0.23076615321077
0.28040304637731
0.60840646012298
2.51117768433607
0.96034580537758
4.09000891146323
0.54992266274961
1.07422030248987
0.48022180016886
0.41652976348895
0.09843999346328
0.25001497418941
3.29137479678508
1.29091072439054
4.25234191589356
0.53352985818544
3.26661678061531
0.07863369315969
0.53829164440733
0.13939937761117
2.63966420583843
0.67657198895260
0.51523248160420
2.25234360612276
0.15655928473052
0.28137080617377
0.25842503628004
0.61930168605378
1.69524958073183
0.91310240737225
1.85190241823257
1.10455323706457
0.90610329834952
3.25245366699463
0.27640165387352
0.71355300505102
0.08088126609427
3.23858580815740
3.31368579994820
9.77451720209566
1.38962019316946
0.10529810412164
0.67332880217497
2.02393320636103
0.55759781462894
0.44787442324068
0.43943875435859
0.52404320632314
0.52810975387976
0.89428542301861
0.32567826394078
2.77517131912313
3.07855216152535
1.15136775747849
1.85647637150662
0.49647379647175
3.65684440884230
2.40014294853987
0.30114837132413
0.51950293049114
0.18096382509955
4.98473896002411
0.69631796487147
0.73528827515965
1.35227301630064
0.32138228965136
0.80964028579863
0.79781489780867
1.90122936755853
2.92155299638588
1.00451204798901
0.49019314935475
0.88441481486625
1.47808318809860
1.92123136678334
3.11331326579063
1.20039640049619
0.28429169072088
0.00240127712427
0.35906003121449
3.23766527185442
0.95118804155062
0.15894116872369
0.27942548410798
0.39222491766150
1.99066974772045
1.06958981572468
0.64488813550722
4.06922953100409
0.42217993372608
1.17801987313000
0.48314827144792
1.20230940715691
2.48501164767398
0.38768322333058
0.05875317076369
0.27306857588592
0.10766450663743
0.52565783193938
3.71227075216386
2.06362614540991
0.62183510290403
1.30836848218699
0.24936684786973
0.39152905009468
1.00948896419595
0.20041655347603
0.40920693849416
0.17740866161596
0.86570727313490
1.75306244438419
3.66151435296967
3.51504347650083
2.24772499423234
4.12373116338447
1.12236970610414
0.70686193140077
4.25250984963663
1.43821538355689
0.70457404953776
4.41055918010355
0.10811168242780
1.74398613821511
3.03874038181312
2.35334627180052
0.70053050115398
0.99964691792483
0.01189910864502
0.78245048856842
2.03957986911301
0.44573490604483
0.22454516902123
0.27116845226372
0.10381469023206
2.73561108505762
0.08813551642108
1.17424304006389
2.32328670662609
3.04991403631404
0.05823060178820
7.43313550361863
3.91012519274717
2.94461899033112
1.12763969122675
0.99532174187020
0.83507957960268
1.27348255995846
0.69694873997095
0.23537732643446
0.34621363901794
0.13652834225411
1.21387370602383
0.20269612221034
0.70066209522067
0.22796882703819
3.69735532608495
0.23038226812626
1.29069356780101
6.37086975360949
1.20657008636784
0.40247664928240
3.03144230189496
2.03328733394957
0.26157916261901
1.74112327069657
0.05514197043769
0.50284307739111
2.50690220211268
1.54071523377170
1.45194204936852
4.22597893408471
0.05834259794899
0.92345859487688
0.75583718294386
3.06657685529555
2.78796500656439
0.58942650360393
0.14267494930626
2.26125632779324
2.47020875524804
3.45714028359366
0.73652443960923
4.49265594283461
4.05597995112946
2.65703958704777
0.04344970069080
0.30394419782880
2.66042007651988
1.07754350571968
0.95734025868289
3.38380649329664
0.08729493643625
0.04402806081625
0.45278814742188
0.69647186248108
1.04164354069312
0.81241042133394
0.59176238387786
2.38272126358485
0.62625327794405
0.69896945610321
5.80158961624043
2.88490882513224
0.44532898388229
0.85101015216480
2.52067786651782
1.39894507785124
1.10939304011609
3.66502897219923
2.02439519141753
0.27359750346923
0.44163998192163
0.16507464593152
0.62858884116917
2.75912426533309
0.42547237631931
0.81091781516783
0.68318416399060
1.12458238303242
0.06910336705118
0.63744193693327
1.60549279252547
0.11617350700224
0.85379510988700
1.31907585941997
1.68520187525066
1.67491627152571
1.70367715789840
2.44468539686820
0.53437213815673
3.10394996920823
1.45427546537379
0.87463711632061
1.25915348136105
0.22196277617151
1.21297934767924
0.55546378525871
3.06826795468131
3.25000942692162
0.27011643082043
2.42251885681737
0.94988037410816
2.20945343448236
0.27893549609968
0.22587765589922
0.10500619899141
1.38920864757505
2.59658026905536
0.56781160085792
0.20960631107635
0.32187891097929
0.56621804759240
7.07219699735158
0.79381578011976
0.01433896581793
0.40963993685177
1.89499038917974
0.36109073778210
0.50877089129688
5.26877654839852
0.96625066494956
3.64362054999026
0.93587714080679
0.83424243106418
0.20701722022181
1.69875534567280
2.85842153881729
1.35323848195783
2.42558820574533
0.14802807411096
0.21955555481600
1.75758654824008
0.13995506412947
0.19223471144107
0.41698996960590
0.49418174574211
3.40405626937881
3.17029717345987
0.65240340764845
3.12191459686846
0.30895451190425
0.47667080887104
0.29225141392144
0.68184114807432
0.17047891345688
2.85991711392632
2.07325494082006
0.70496562854087
2.60750154874183
0.60255673226294
0.13527701900543
2.23339367302885
0.71751180196808
0.18942143020790
1.11485649086563
1.70637531154174
1.64327553950875
2.31061331309453
2.75065677524713
2.59885091162796
0.42358893613157
2.06411414651058
0.54875839132459
1.14463137194622
3.03414208434429
0.42348196652625
0.24710429449321
1.11492625624729
2.06206278537634
1.45903442756353
0.85137575612688
0.99317072855396
2.08580298415173
0.57958465681144
1.31598176596113
0.54968964103571
0.56472190404606
5.05653479869295
1.68811389151201
0.18001363254002
2.87285670783555
0.65438722632438
0.28373839803814
0.46724446096574
1.89851822730993
0.47617877002701
1.58180885515633
1.60606341025340
0.69275884784297
0.53927596927480
0.34681556942947
0.92983861795489
0.14171613376623
1.87683695480577
0.08192547747222
1.87222063348997
0.97418697756229
1.64496055991071
3.55608494419292
2.89125646104219
0.06675980104437
0.46792784701144
2.57219106647165
0.30117482292972
6.78036537506094
1.05163653047624
0.94956487383889
0.71788808956040
1.46363938652800
0.69989475673177
1.61321935632889
0.18322839663882
1.06516654139011
0.97433398092390
0.22075170332296
3.95696220026971
0.61629716343207
1.49113761082923
2.97740690442309
0.13946899657718
3.05377099017601
0.46217065180101
4.18017700979650
1.33095735447216
2.01963375620675
0.68163065127271
2.47178276928309
1.59236725242568
1.38831957714585
1.00223284689407
1.83694934868985
2.53605171800246
0.53700507542037
0.25756400654714
0.01231390996206
1.56503589970549
1.27777945726963
0.89256170029861
1.44554230173734
1.17244538974190
0.59617114983920
0.49714577226222
0.87071601325951
0.06738017204967
0.66695739699863
1.30020035624059
5.63627892833100
0.49058938497588
1.53561748167629
2.31290724899944
1.56331973828548
0.17033916961363
2.72383696281994
1.59283653436780
2.62932017368961
3.20976719728168
2.42593155483040
0.50695823561897
0.74564553899544
0.06471659473998
0.61332146988263
0.11020216139518
0.40908940704238
0.39640701876918
0.34775428995885
0.83596879139307
5.08940361523808
1.44488450115105
0.93881913694256
0.17113325731309
1.54217323850935
0.79274552457210
1.87661347924391
7.97622625394146
0.38612259125526
0.40080173338686
1.48769769445883
2.85038970448626
0.07484214436464
0.69793182802994
0.02719900930787
0.75229530730500
3.89263153523534
0.13303381397045
2.15644205818245
0.15880634003189
0.46620156694565
0.21058183729057
0.99029259805696
4.11002121370436
0.27744478213446
0.51005995207929
1.06373027763753
2.05330576074310
0.22758227205161
0.38799233812238
1.90691639906569
0.50298502991838
0.12319013891027
3.75156329030608
2.43218811887358
0.25582500260895
2.82630376465691
0.35811432796830
3.83054117873107
2.55270549990637
1.28201019686505
0.89837538180714
1.39477250786024
1.40918390926752
2.03315708149680
0.12398576024207
1.02972980947499
0.34513021888170
0.76086377461717
0.86371893884708
2.00409742441378
1.42193929825143
1.01870905817433
0.05425836476152
3.03811056984972
0.18860788381347
0.87931177350938
0.77848920227381
5.82249294449509
2.56675952484170
1.62895921975908
0.00389637780718
0.38296421624200
1.30214109541857
0.35141919557138
2.82343236766500
0.25833792778405
5.76699680539824
0.55798573323969
3.00222729789724
3.85819088872221
0.77471357364856
1.30099957639537
2.29532047648976
2.74633030117441
1.16781920675095
0.14044629731422
1.09439566220581
0.75897703952133
2.88773512871789
1.14869819465769
2.42413770075937
2.61208441103498
0.37283925035479
0.56741802426915
0.91085080778953
0.45065946184293
1.71761443372095
0.30702784888697
2.26831584144858
0.00125530160751
0.71595105524945
5.35802954923319
1.49549100985708
1.49555296331541
0.68513058549688
0.37968296301597
1.75842560067955
0.90387936063565
2.01407231588648
1.88831313488245
0.60032311555227
4.50396984322107
0.12575933267503
0.01875032372171
1.54200930474166
1.11181957165734
0.25203372623920
2.77274159800410
1.26118699070737
0.73004094133178
6.11679685985764
0.18334560715204
2.81082601315631
0.22022889807074
0.77665182559641
2.20180892188084
1.49336091713701
0.57808763185476
2.67928971878326
3.91503067412403
1.00012081410789
2.73274226868765
0.22687743216761
1.98723732665117
0.29462781440864
0.43444135705262
0.18310574204172
0.02270767317787
0.42090317337325
1.11050935925528
0.08244267836762
0.95078286103884
0.30453718835097
0.79112803385513
0.01984976234078
1.26816454498118
0.03187577612131
4.87806272129339
0.24010674002610
0.14831061587291
0.70101909927024
0.62634701721234
0.66806508452955
0.82340452870250
0.81043073964095
0.40320871163483
3.14633392953258
0.87265240309702
3.37299655354486
0.96415672337198
1.05063797813554
1.11290159969790
2.03121113054818
3.84115618390222
0.53078720046390
6.47417217653162
1.04623432712197
0.12192743358647
0.95622113631125
2.99765593270359
0.02073440371330
1.60265271871943
1.83479418241152
0.81710966743586
0.28463933586021
0.44450440254073
1.84751631578998
0.75140002872104
0.95890439303177
0.95137722339815
0.59938635269854
2.02726878126759
0.20275855270475
0.20590451543516
0.96545874304173
1.12110774692220
0.24534786763692
1.22549405392063
4.94852831181716
3.00356315005643
1.96558341626229
1.30436259847508
0.32425836675743
0.07675619920295
4.04014117620155
1.13449345538617
0.42974590134285
2.66493936069982
0.25812444971638
0.32576702888682
0.22926211135530
1.57618328704765
0.96632363529426
0.23482168561484
3.77286795911298
1.46628764789725
0.93967818860489
3.28128872141282
0.50048909924473
1.34893612790046
1.20327959018882
2.50440351021507
1.07521011232879
2.68530023174961
0.48984353895926
0.60106848275291
0.03254327989473
6.36942805402979
3.29334324775132
1.49903938989579
1.88589564362837
0.37249414923211
1.58530641090443
2.57184812435997
0.32569634439515
0.55890954965973
0.65214609197577
1.08445411442960
1.56478271157497
1.82063787391066
1.90769266036307
0.51261110176132
3.31975987657822
0.80901646211935
1.84934041435589
1.07814931095720
5.51817397580180
5.77425586179575
0.52674883055342
1.51971176775000
3.87988030211421
0.59307780163604
0.56717178982354
0.04021344109626
3.49416166130924
2.50207057556966
0.67494203572282
2.97166298572524
1.55203389518615
1.15925257140270
0.27959048370635
1.52078430595564
0.90176719088455
1.05696214973436
0.60353901769324
0.39681926802675
0.74402227056246
0.42962850847792
7.67062528320793
1.92495143336159
0.14313480139225
0.39618693720435
2.19753129151093
3.02568382112200
0.21926702290135
1.65634593373060
2.52345170515732
0.37285065036787
1.37849940453134
2.68634274089481
3.14116880305212
0.00262166448488
0.52056773738845
0.62482713834591
0.20562484589810
1.48457212625742
1.05322428707652
2.42174026608844
0.99418441661898
1.26616869708031
0.83113148020762
1.63717291444777
6.49485518513963
0.59612985203797
0.73890316041076
2.14715454392678
3.44649278840248
0.11931266485565
2.63902874478119
2.77979517260958
0.39119366427097
0.28938851130412
0.95928450727900
3.85721993654563
0.02460365281608
0.54338322269030
0.62220784357606
1.05578384710717
1.30586251655831
0.80419657322210
0.18379710285429
1.81740142257166
2.05084752047013
12.21907384776715
0.01096376906786
1.14895149018414
1.34112055073607
4.66904410370816
2.99179761423049
0.79101753766312
3.69190230577606
0.32775316760460
1.18399721662188
2.47001638751933
1.84366966920510
0.38449711570119
2.23961724099176
0.95871353686917
0.38918458308367
0.60183342236859
1.05869716119119
3.66571559938025
1.61683204128736
1.94766602934374
0.21298105539349
1.11785952016402
1.34633119089296
0.80593335821738
2.36241703726293
6.37557881902293
1.89245847947089
0.26070669452131
0.15190664548114
0.11847532342905
4.10035465294561
0.02721527549794
3.58621760849083
1.14034181712709
0.81089940524944
0.03153674991927
0.49152236674490
0.49804087085443
0.18003761140692
1.15529803820255
0.61540350332283
1.21492315817915
0.25476464095255
0.10115021274363
2.11884381127691
0.19271433629970
2.56082166145730
0.11515283371184
0.03889783336318
1.65109022168568
1.59260389162354
0.40702372002012
1.33643602687489
0.34303624393318
2.61494680754046
0.64637303684081
0.00787864154861
3.12218472304300
0.47341816507887
3.74869924442205
0.40678880662491
2.62451299815367
0.05210559049417
0.00530143329264
0.54044625250677
0.99159118986769
1.10363631352958
0.57757396916061
1.32656616645289
0.94567330543077
2.40274791904583
0.14232105254118
0.82229494589066
2.31724879785742
1.03414549145850
1.47113855552160
0.16460800070535
3.28671470929979
2.73691890860474
2.82345537694664
0.47399339594854
0.80765210135119
0.14799923896369
0.52523021454927
0.37552638765853
1.79393852458690
0.30443766662049
2.38134840473754
0.56564093178530
0.44331224375116
0.28211003137573
3.09993384614216
0.49068377686547
2.66601401796700
0.01166838717478
0.06088680101131
0.23277528336675
1.26276409572032
0.46551821223064
0.01678770438093
0.38745340550782
0.59334782412800
0.27230450736858
1.25966129700879
0.32589547206120
0.94691181833392
0.01092941189021
0.86309560736877
0.91465675860848
3.57571680832002
0.99614894133247
0.21390672870388
0.67674938798091
3.92151441248514
2.38634040927709
0.15679466419351
7.78820938413536
1.40673653044275
4.10283279350717
0.32777416191885
0.13957358402291
4.12764865929001
1.30961243383844
3.17708465489191
1.71484576341934
2.47596153301977
1.03826216505974
0.02897638653059
1.13420843771508
4.30926947275216
3.00548303222496
0.10328917011456
0.08499765557585
0.38625685944148
1.28189371165726
2.90489925544917
1.52479725194942
0.41791485628972
2.52034157856956
1.33825440232985
0.32917045875258
0.30829901534127
0.15922926667424
1.06458475098694
0.47659014152512
0.50900724475498
0.73634526436384
0.81956288251977
3.85724268590333
0.11243487049071
4.48347509919086
0.16835234645354
1.94081580907170
2.59767516931318
1.20724087200044
3.31293503627857
0.63504178965727
0.18942417229352
1.38271632747854
3.33401552295864
0.63616410974547
2.14521399771674
5.11319683528934
0.24339137853110
0.09660623175711
2.91166490808848
4.89416099251140
0.13629515446901
1.82100145150713
0.32559424515054
1.64772811999425
1.47152656744437
2.31327037713351
0.23914034273486
1.32431115991364
0.97161778067689
0.87955700927298
2.38305859166609
1.22510578174405
0.87692184354765
1.28609824248593
0.62609343575366
6.21318367474559
0.02670435144069
2.13718655510039
6.86960200701892
2.89180210642523
1.36742351227034
0.19310743733399
4.27721233197109
3.64458095071696
0.30995844114479
1.22071786635763
4.70136621574851
1.51447625853528
1.55722707262826
2.56779382896225
1.67826022303844
3.05974833081563
0.60278113479739
3.75699701162167
0.18315957848321
1.19244364651668
3.50350582634750
7.60677512703504
0.15798565440568
1.05049569421514
0.43333753747186
1.08748605353695
4.53505425939754
0.41268475929027
0.35345494006641
1.53877643446126
0.46725885529396
0.08833454002899
1.30741070802819
0.46216711006783
2.89269091125214
2.12408219610763
0.15807949861211
0.37570629345977
0.34335050646457
3.06033931367089
2.44265843494580
1.06419591556998
0.18794008184227
1.00477719061002
1.55743115318981
0.23481082627717
1.45269994006063
0.33918443918290
0.13157592293719
2.47139959941430
0.49400725720658
2.92067613960976
0.93276396708396
1.74792404853950
0.86205304661355
1.29605491344718
2.66280109619160
1.05919741505271
2.94818112718524
1.39937137185881
3.79544702802213
3.88957862091981
2.04665414447456
1.25178029204137
0.75048833133568
1.74952727163999
1.09143323335655
0.74479716196922
0.84394287633581
1.19649153794461
1.57846070342543
0.12795789067112
0.03942535124717
0.34559579056542
0.53285354456405
1.50458479258201
0.50568810343032
0.38741414872164
0.64838192937595
7.32478686066003
0.90481646942446
0.41433330068392
0.97806481429880
2.16559660967563
2.86548246714967
0.55746965030428
0.80182077322767
0.65370390237493
4.61116601707799
0.75805288004981
3.75137951187237
0.57278216859248
1.02978282370824
0.09959033133799
2.47124293336862
0.55655324006025
0.11067771966593
0.91374870069660
0.03277055261611
0.22965804842985
1.31742844116833
1.61595380777903
0.16847691567224
0.55394011756315
8.08070892885699
0.25818101481155
1.95135361955138
0.99262358962092
1.65512155903726
2.07091148294984
0.83991411038845
1.33162958838131
1.55556609598621
3.19806237077413
0.54437171786545
0.96831558300799
2.27790687405881
2.54073846869313
0.10525761393678
0.23845115924403
1.67236880025591
2.54758527909980
0.97033858596235
3.39171372885089
1.57166156926560
1.09536776553870
0.96312321340616
0.01339601425636
0.28567443139045
2.41149063865355
1.46935776228242
1.37253471755282
0.17380259907976
0.36002674277215
0.67761986972466
2.15615663030627
3.76701144276843
0.66418108942614
0.43656603341186
0.44991875860552
0.04077965268969
1.52570366158449
2.37468864692800
0.78084835430737
0.19997470379901
2.38648993479502
0.12439144896286
1.08431018257395
0.76548132669000
2.25591155889121
1.56754812752497
0.04394218269584
1.28988097117751
3.82981782624234
0.00952312546605
1.00931415818559
0.44145984399856
2.30886879128098
2.43517953969247
0.26326746882395
0.52960121896950
0.30633861717796
1.81052140626316
1.69737192616431
1.03785099460858
0.75606909778008
0.71525110208491
7.42044080373272
0.05487642595584
0.07242148250493
0.34423644782788
1.16651481962351
2.49847346125197
1.04733594961011
1.91083803886934
1.51030580843394
1.70788973924267
0.49678671893432
0.23391448645740
4.43061519378587
4.49943464624570
2.59278005977154
1.49065341355166
0.15054581787873
0.99065938897574
0.05218086114780
0.63017910834181
0.98042263108259
0.45746226958179
0.82376675279469
0.24209212116996
1.03516913459588
0.24629796935146
1.07467127602848
0.67935082213052
0.33090260972045
3.76109765922038
3.20404504527302
0.14400915758951
2.42319495707792
2.38037084391571
3.19560135921995
3.51954747441800
1.66610118225907
1.14410737657858
0.00693646689474
1.83017336493384
1.34328462663845
0.80979375892082
0.51618377627779
0.99274476662128
1.70986028006611
1.29389343016466
1.02093044616115
0.44311803870784
1.10284172183726
0.09990278321453
0.36405576819946
0.36579888493390
0.32970121976377
3.42651613878470
0.06262576252154
2.82098145823379
0.22768543480430
0.12559561302577
0.27454774308951
1.95184245326101
2.18303659523561
1.23375336972210
0.08494279943825
1.22784207496520
0.57077963455474
0.97790982092746
0.27098914077620
0.43256698453827
4.11632228605745
0.40049185804024
7.81818783008597
3.77456708869786
0.06386784508300
0.27630291155128
1.99554104524776
0.03360624432703
0.88747196972826
0.20520102762488
1.99225927627276
0.10941599909297
1.93845034000604
4.06327053909244
1.02939982613880
2.94833958381802
0.58052621143181
0.27330123065900
0.55584133175778
0.45013702376637
0.39237870905768
1.18094164307366
0.16675745029127
2.61884836334763
0.50613589949797
1.07765928175820
0.50991913208006
0.49776570030496
2.13579917783797
0.42079085718364
2.36167067112609
0.01842122304418
0.30136813419789
0.12186133548252
1.07098169175225
0.52106316427122
1.40103119541581
3.83036575287876
0.71330666148548
0.20124727828383
1.45944377015257
0.79818541684021
1.92397649157241
0.75060509387522
5.10351619161700
2.49712296562707
0.49686304384489
3.57986090871489
2.16512622421848
0.48924475198388
0.83393037697609
0.69331287526115
1.14654207155119
1.09003003544773
1.26018609888452
1.00000675234902
4.61248621778970
0.66934214898219
2.00414977274938
0.08534267873417
1.89466828849624
0.49944432946315
1.04521943920158
2.51849682138227
1.10646820023537
4.31272370553413
0.23084455544959
0.60904940436862
1.37907205887951
0.30354989180305
0.94469816493158
0.13727481687172
0.98520808944822
0.41117970744692
0.78437833573499
1.17496950453532
0.95605054205349
4.91463154105266
0.21595993779345
1.43633857877766
0.34843465907836
2.32324262307491
1.25775349883255
1.65348361633644
0.43786648911810
1.12422469731676
1.39579576008600
1.37044399927178
0.23357997650596
2.00009844104841
2.00664269328336
0.20226389109781
0.37285924454296
2.54560440926492
2.44883874451789
0.91437065590187
3.50826789494473
2.38550247758166
1.38850375219095
2.71284938187133
3.72994837234256
0.65090019529934
1.18611832626059
2.30558002709949
0.11178363003558
1.04437461585932
0.46361341332441
0.06045249853144
1.91806844461737
1.25861078248451
1.34604237728846
1.48049562112740
1.70493720175915
2.58642227328767
0.38622609993896
2.48633545057516
0.64903334929254
1.35753353968521
2.37926538504483
1.38034804581315
1.19909972695388
0.81704577283989
5.88710265899046
2.23642192474947
0.63323715001608
0.10260886603480
1.43020484474632
0.51190633484027
2.21813194313231
0.01221143668828
0.70962184875861
0.60438476150018
0.83833140954934
0.97619358111452
0.69838577264808
0.31587554745214
0.19171205451473
0.87990593021111
0.06432859105036
0.70523813055557
0.54499909677152
1.09288007027519
3.08011166509560
5.71867258986060
1.03871617789542
0.60150153570399
0.65775212317916
0.14902290343790
0.21297205490200
0.48046523134929
3.98147870879855
0.52123786267180
1.29733915585864
0.41361691213863
6.31579321423510
1.96302576742403
0.67537693752589
2.30578150531712
0.94049155141814
3.10619802152191
2.07372905368552
0.34310019939525
0.93101035182988
0.69014895649295
0.60760031871018
1.08698033292874
0.10540238529765
1.00970194302733
1.45726978710623
4.52973994651256
3.57814403156961
1.71400989855347
0.39344563829366
5.12804481204708
3.16138044395749
1.31310196655172
1.94823681300915
0.23520413408517
0.87455172849092
0.05226195344855
2.98547360765780
1.61014427717510
0.58374561244407
0.88427963151064
0.36152513392273
0.48125184686069
0.53658934756014
2.44471004041736
0.91076689074104
2.32731422075774
0.69936879121056
0.06467370887260
0.02079729870040
1.58604669938595
0.15369799096258
0.22531913980489
1.38918570974592
1.13423190963779
0.53089125130290
0.61664284098364
0.00788611827725
0.18256800770089
1.78696092761511
0.19240680673678
0.18224944630888
1.44540452152239
2.85401368610147
0.94133072176137
0.52614286792575
3.58788468593909
0.87359396999966
2.60790603119199
1.44737679962357
0.07604114860283
0.09952505570706
2.76537334733509
0.22148112265814
0.30582252957275
0.25868308140458
0.59516806816746
1.30742322913768
0.85296315912800
0.83774577230628
1.80179079756040
0.76968926551586
4.59985045878048
1.03523154925598
0.25926448398758
0.10991925008664
2.26113941975114
5.48163239749429
3.74048079636698
0.89572492287348
1.82179221059464
2.08606376213306
0.79001692814992
3.52609954520733
2.47919103534510
0.82887955507084
7.42078689594028
0.18332857244747
0.67260975449178
5.08238767533512
0.01844742783242
0.02267504783156
0.35458786567266
0.85682003022716
1.46791095917385
0.17384559974624
0.88524022292345
0.65205037378239
1.10221531911331
0.76303584673114
1.03096371485597
0.30491464968484
0.58662778163289
0.40125249100175
1.97402077930201
1.40602363004162
4.54970705055555
0.09764276747493
0.19428975849602
0.71926432961620
0.08326637508512
1.20482572830052
0.17153425344214
0.25039772533848
0.56399966550674
0.01718452889300
2.88542185961746
1.65846015444947
0.64644752713784
1.24221185258422
0.54411896924875
2.54762534280600
1.86841834485478
0.55947312189399
2.79528954617153
5.76388910682597
0.27750141826067
2.43717939051221
2.79347156619943
3.41944889897384
2.61218061002044
2.15746467546811
3.66709263966187
1.05686991732783
2.99402683921611
0.26956980428159
0.16891061681963
2.27800749059955
1.11766828982698
1.66969925096679
1.44730953213445
0.38161314962718
3.22489757178362
2.48519495902804
0.65327461743511
0.02711318031865
1.71816332287317
2.44925309581673
0.09589380100770
0.65745766568023
6.02903253031738
2.68738193151403
0.90591748175788
1.43966584975058
0.45110473160629
0.51543021357641
0.51426006392161
1.28039614377757
0.62719386931755
0.54366326792882
1.42116471722604
2.66366978484777
0.41567586105188
0.41401754397488
2.20076798925788
3.60170509173479
3.95986779197123
0.02500878939968
0.20480458232722
1.40040255543041
5.29613216612958
1.00911879017397
0.07194849719463
1.80205458468984
4.64813508269201
1.93470108051074
2.11476223923207
0.14380411313930
2.46261937093625
1.94352897911475
2.03641336177796
0.10611472648425
2.87520170383221
0.92749410871283
0.94465022836823
0.46322152993059
2.27246476391179
0.74110323800560
6.99002038001094
0.07789056649603
1.38553658957597
4.86941264614324
0.63565458877939
0.04517650706911
0.21852422819920
0.01597229645128
0.47670306742613
4.04371702360908
0.54768510921750
1.26072034198603
3.55372015935688
2.02124503084583
2.82793030773458
0.26445663346097
0.74821834171771
0.67520354847756
0.38792638181075
0.12625993564908
2.60695967205848
0.46070297202475
0.36238670497896
0.08648542971504
0.88211231131904
1.05672852462813
1.43108664317742
0.37731793322297
1.21567486289900
3.70356711177699
0.16152811210463
6.30703030552985
1.14268984110104
1.90540675236411
1.58440619055160
2.07204249750168
1.28845396721802
0.97788225735346
1.82159827371114
3.42910705378616
1.11597656448507
2.52992256535071
2.92116510321449
1.84573148356001
1.46630848169435
1.89751046111410
0.19507811120083
1.62990326951684
0.44134160957030
4.50988272897401
1.07093580791077
1.26731528485602
0.49944908777335
1.41853797408008
0.04088465052356
3.91638139702192
1.71600251073725
1.66450311765828
1.33325998283027
0.38851317794359
1.61013661661999
0.40792355662370
1.61273011478046
2.03950321814169
1.46636770606285
0.85588687909969
1.60537826850034
2.49701995502946
1.59471680021168
2.00587179187403
1.42794973674519
0.53325776504464
2.08418083911835
0.57467614267113
0.11547078501930
1.04087844466689
0.19204238347584
2.39608216752599
2.17293215326285
0.86292060388589
0.51077403259692
2.94469143510656
2.90517069181803
3.41784064363153
1.12063854003496
10.07792257769083
1.70203159713786
2.32013780489551
0.56534307463603
1.71462276434529
1.10158326729789
1.53975445530742
1.18748078726674
1.61781681316002
1.06467314803034
1.66806031305048
0.49741100421766
1.25661697223572
2.83356781472977
1.56061784017289
0.80464042889452
0.95253953223588
0.25832731091067
1.76162698196496
0.57949201645747
1.22562027287605
2.12412191234232
0.79189103205185
1.03761960433225
1.65320940933581
0.58380115383440
1.60302740626697
2.82151410318153
2.10475698586487
0.34970675957078
0.38274559501401
0.20839207925824
0.33558032732902
0.93154921471222
1.75339198099438
0.35011291105090
1.28705993476548
0.94418317258537
0.44685318417762
3.00102811471674
1.83949640312495
3.20724654902221
0.42822892113346
0.25399382158841
0.20723146227328
1.72339764436809
0.51467977280701
0.25983279913252
0.90639836816980
0.11730214778147
0.05341424235845
1.62397855819288
2.46052358810849
1.60616734436678
1.08935366651214
0.06424476379133
2.34563097022889
1.12851734529316
2.40598819297111
0.12817142077587
0.61231472451873
1.16078688228838
4.65214996329214
1.17970123239239
4.04095472985643
0.53763563255892
0.62364219183266
5.64963928763142
0.47206032008434
0.05159706147549
0.32490503793824
2.49888295237279
7.59408466318889
1.12130378837178
0.22357912924457
0.74421065819149
4.23414589457740
1.82125921146048
1.61180926406844
1.48258002589474
1.62327544857677
0.22758547987725
0.57104237302122
0.44674257822185
0.37707105099580
0.70967868278841
0.95571883897406
0.57459306357926
0.43432820548921
0.73935477975528
1.53294153725388
2.59182532739234
0.28518855729955
3.09813100982079
3.96691141977664
0.25333847288631
0.58001348375033
4.82452487502026
0.48591891553824
0.15851515113186
2.72135448843986
1.55889392885283
2.44066855739523
4.07006578204461
0.04623658982230
0.38412431250424
1.00948607948367
0.12134119981200
0.11757188406153
0.09537906699927
2.51927735052101
0.34708087058890
0.40491620808944
2.84502193297670
0.28466699601017
7.38546957617873
4.38007584909498
1.79908674960110
0.33415836787786
2.93515328747110
1.44303809609600
2.23263784596611
3.32722440695491
1.45024837291575
0.38228579327525
1.63418959897579
1.92555717354212
1.01554296287611
0.57586587458481
0.27015638446566
3.11856563341829
1.93283240934420
0.31380544172693
0.18364204214184
0.50855920258091
0.18678015431858
1.17778832910902
3.15107267994657
0.21127812041881
4.51658783329096
0.25925531603062
2.59281863435909
2.84785442156946
2.73632133413101
2.05368960761949
0.49851891414875
0.24146742579611
0.73665904254341
1.37749188137423
3.37814909919019
4.32350221157568
1.52444726872706
0.27463756380868
0.21712707076850
0.20264724225816
10.36017981426122
1.71957260605097
0.37935465591166
1.00107548735278
1.39403973805193
0.53822121398703
1.05668940862217
7.34397404038663
0.15645365047083
0.17221389137695
1.60559918469110
0.42848807311248
0.82679848401658
0.83655978280725
2.91755027159016
0.14982876160063
1.39917596940360
0.88696422597985
0.13126611640999
1.68141949488176
0.06991405005131
0.43792996158379
0.08141801220644
0.42709808443629
2.35634501842118
0.90196994821498
0.12862872628630
2.78918559685939
0.88447279318833
1.62415056780268
1.71287076073444
1.14400887994512
1.12065210912954
0.34535843654989
0.39615724050098
0.05358012848822
2.51172554689353
2.25417699995026
0.40215551145875
4.99689996043503
0.81218928651283
0.30749595477164
0.08222305264695
2.26599853976200
1.20023415976112
2.63334422714083
0.51520172940388
0.11739189535781
1.83518617871030
0.21213590493821
3.81314658300123
0.02661848320519
0.06879247409751
2.34758777531011
1.82155526446453
1.00243534215873
0.07155044325957
1.00378572957588
0.56008983213427
1.06899116914842
3.53153401123880
0.88242706317821
0.20993803538738
0.96661713550977
0.16433196742578
3.94169326933017
0.03339597251331
2.65221843829044
1.35660811450116
2.04541954870027
0.79071573115439
0.30165166704751
1.16752845589190
2.36707462942638
5.09615177528229
3.46420593726704
0.03488028936538
1.10356299400039
0.31429122380364
2.37687422530503
2.72110116436636
0.57338748295775
2.34477867995851
2.30738632762429
1.24036101512581
0.46846606775995
1.02918638772022
0.77041827080106
7.57428174725969
0.94352818159535
0.03500070109298
0.54910498023805
0.47018704563846
11.13198317215500
0.18610825553543
0.89417019220447
0.24768969191615
1.03545330783604
2.00528580767083
1.62584347520129
0.19183577924725
4.42013643336485
0.54560217384270
0.01469007926197
0.84117059014671
1.69303156303555
0.73043641740340
2.44864870110713
0.45400447270863
0.54162237154735
3.07604715324814
0.28687761508977
2.35286742567544
0.26724359568218
1.07798836579926
0.89798766913602
2.07727375707177
2.39332667454444
2.40590313303315
1.13712575130274
5.56445337577731
0.02239353859128
0.50625630308085
0.48727368472834
1.44966286899631
0.09004713714634
1.07844857747314
1.65293543326701
0.75025311155885
0.15551225581453
2.45827067511103
1.33011055816787
1.08819685550306
0.04155166720349
2.48929777260945
1.05024934194363
0.56764706148123
1.05143882719982
0.56286310175141
3.29906967305503
0.16209428825019
0.62746423101054
0.04692122929480
1.31717256955246
0.40764065804132
1.91981647061538
0.37125778392718
1.38068303543597
2.79684105576932
1.90792763320573
0.78897127617304
0.03865208348341
4.85815581278316
0.32336549284082
3.38877182932534
2.21617211661618
1.46744699418075
1.03103723414828
0.70211488315178
0.84670995820981
0.39892160045019
0.49930880143009
0.70611783905090
6.94075414196982
2.36471717063834
0.52968398680045
0.08624505894859
0.22991481304143
1.68015624688761
2.33047422003811
3.45948607498432
3.69097178674091
1.53415291499582
2.80804984295116
0.78629882875260
0.25365250299328
2.89721934378165
3.61399880935832
1.49622013552723
0.50686806407410
0.58302278988126
1.70667861566240
2.37326019523037
4.92502203400657
1.89579657027446
1.18611989726796
2.47471622974930
2.45145267749594
3.19555037396952
1.85359441025567
0.65616843238249
0.34444374763149
2.77946438033773
1.23458374310899
2.35240491716034
0.09568861775561
0.26228733437131
2.61216660560862
1.72652023560267
0.17349346131414
0.65225300619789
2.03275806648990
2.19251951788837
1.15387692050621
0.25431757689471
3.86243487126536
2.56559954597374
3.71922948845041
1.21035619125779
1.67806847091614
2.88730925403808
1.15132125132590
0.02312667556509
1.11352631571346
0.56333557413882
0.61156277694901
0.88815614394502
0.55595641203924
2.53723351959260
0.55820740726889
2.28584570098933
1.46009232259765
0.53355541190877
0.93236381932368
2.22337187924633
0.70311865134305
1.58428606286280
0.77723087710988
3.06785842416466
0.29947921820241
0.58787809155455
0.85840226868531
0.69119754833210
1.47439596766151
0.70182320727429
1.20779673326338
3.27787795795650
4.65852987214077
2.14522957467074
0.13630127776292
3.21746578307118
3.17884606162411
1.02250970424804
5.43709200017095
0.47511042425190
1.42784256028544
5.15741307874138
1.14510732567906
0.01131057435883
1.42393686454047
0.73659624170817
0.67896604366327
0.58831439058710
3.83233031270294
0.52219257211912
0.48575195160624
0.36086755148212
1.53894216266809
0.29671197012176
0.58310279379435
0.82971603718214
0.97834082285764
0.74377696322586
0.87373387037521
0.62053963779153
0.04415293469956
0.26632746339923
2.69854431921657
0.17516886917771
0.65233738699239
1.03953811165347
1.23411127009964
0.18229205091957
2.68152321533510
4.96994438609847
0.20619313847586
1.26801855543318
0.00562646250207
1.93188239797712
2.13041368227691
0.86994688244053
0.31397849857372
1.50268536876329
2.88701615836445
0.26088444599999
3.50888494536082
1.86067431924763
0.79821315430665
0.42548363988483
1.75947586614528
3.69538645302252
2.09262905935290
3.18994280232029
0.39652249886490
0.09281859185488
0.83258076409979
0.89642244870803
0.08410734473352
0.23770015560748
0.07880373189027
1.02102640545327
2.56559118542871
3.03256852442583
1.17638994953182
0.63757265818098
0.78460568214711
3.17678636006240
1.12182740947473
0.18549534013089
0.03481302361325
0.78102414186011
0.99798503011792
1.12722108052445
0.21225920236599
0.68280946890191
3.17916058574794
1.85654831868373
4.59780291716471
0.83566735290244
0.79122486748534
2.86602726447123
3.53449213466786
0.96642730970419
3.40459406642947
1.65385624333917
0.40181228505166
1.08714349160803
1.41847078085868
0.31053671552653
1.75228554527212
0.22860926078356
1.43162740717543
3.86678698777599
0.95191973599511
1.32462509256015
1.59493567631433
0.27928212071333
0.76749599923745
1.66921184366680
0.93861791395093
1.55158048238924
0.65253466017245
1.40933146036622
1.36657840312112
0.31288064247857
5.03068479758111
2.83917562909144
3.24018993571855
2.80556756810497
0.17684741889400
0.73894074929521
1.04018301391015
4.13505413539272
2.09650994742805
2.33994690521489
0.26628196839459
1.40718709557696
1.41436414854430
2.30063569323640
2.44530282657153
0.32108958931613
2.52025668152212
0.12695502808010
0.72221352376550
2.09137659557549
3.29072534728739
0.42649449569249
0.29447139751222
0.18374763560664
0.52209774555426
0.19536802002616
2.88187891410714
7.75849378959260
0.40882557722080
2.19186607166458
1.61923722734867
0.07121800356563
0.50728477492502
3.25123207427551
1.66443585660232
3.12256275068486
2.32713031165132
0.18894983593909
0.23762318077284
4.14788051038499
2.86336188952634
0.33708898982874
0.45270689627144
0.86424559254727
0.46073070775034
3.07349483235418
1.36982474854609
0.24403967019846
2.38597406910337
1.79109571369398
1.01463418964135
0.90835980039174
1.18557145846887
2.43275377322483
2.09904725294894
4.64765511441019
0.04241529898214
2.70205136637835
2.15325907705161
2.06975493737557
0.10480443132416
1.19605567383324
0.60683058049526
7.04887655817557
1.50331768020374
0.58911736675274
0.70349611910253
0.43713120810631
2.86148331494435
0.39956542391039
0.26181368234407
0.03878683734673
0.31007928409474
1.90690612119331
0.32002513613312
0.24364992649701
0.21892373715936
0.19627269452711
0.77530841354538
9.62094576910679
3.56525671068986
0.62688705653364
2.44370244091754
0.15585978464970
3.26986362466799
3.13305392531077
2.06280491669821
1.62080967952370
0.39302930076171
1.61360403534718
0.61742485774556
1.72762609692634
0.67395162369554
1.13901674201892
0.95571078546098
0.29983910944269
2.47976192862031
4.27913650517880
0.99875093233704
0.32802726747303
1.51016853304880
0.10183234480925
0.47581876140913
0.36599432301932
0.20076282315158
6.53128271623813
1.29881612741094
0.42322471803102
3.59786535943262
1.89583457548112
3.33940453170632
0.15269512329696
13.37217449510679
1.07917530953866
0.09335485504266
1.55290036461889
0.87911181973593
2.60752796892879
0.98175478083259
1.20452472680287
2.19937858990552
1.35647606201130
0.03651728163196
4.88218062218338
0.46926994665842
0.82075408562417
0.17768008223160
0.33095674922801
0.56934186322762
2.73995219118836
1.28314090941020
3.87801027172594
2.36764535117953
2.11702535277474
2.96442970594344
0.93578469764318
2.67999188850576
1.87058405893829
0.65162571509468
1.66804724109727
0.23301567704506
0.32088597456759
1.11192551546469
2.26629375330236
1.56542021563086
3.97891374852139
0.98668969408989
4.47487402061774
0.21408148331306
0.40996146848762
1.34038028169309
0.35389685626946
3.12555492260835
2.30630143997209
0.09644746876009
0.10206164135429
0.27209737729101
0.01324556727131
0.70436456343644
1.97667134018367
0.93804941818702
2.92385726812639
0.08378974074419
0.98706859651962
0.46108852626500
0.62263857953962
1.61387814718481
0.63594927196332
0.40467711999679
5.57500829042517
0.54100894509858
0.17643545875861
1.39173234510140
4.95354294395303
2.51394731637559
0.27345724319576
1.02112677787545
0.90888724436286
2.47681071723213
2.03728508464074
0.49995366637537
0.42894329084696
0.84642333665583
6.62056596940626
0.84461780147276
3.80112538121270
0.89596229499047
3.56339468914616
2.23639892820767
0.29354919673200
1.91252224174485
2.32488239324886
2.23572817559955
0.57070502464407
2.72865926622683
2.96139027336935
3.38720546091897
1.05404098054282
2.57692403176077
1.21323816582679
0.02930972745691
0.07892270222334
0.20233245067384
0.24028748364005
0.07685056495924
2.55174829848254
4.67366213533089
0.93576471438015
1.00377168677847
0.12535398768929
0.02353238827566
0.71372115194868
0.80424668456317
0.09073747712140
0.84091124963444
3.65728394755580
0.05095220249134
0.22647590996088
1.47184364565070
1.41773355971437
5.23814160700091
2.22275765923024
3.23006432376681
0.23501365008804
0.33692884200193
0.23302720465933
1.07057901080406
4.40540563438160
0.51424471542167
0.37954229293956
0.28973287191979
1.40777734440304
0.06560122748679
1.35033361277309
2.75218495010848
1.70093441754018
0.84476537250476
1.47055902321728
0.17217110355165
0.84191174093742
0.50594605472966
0.24829352342524
5.22002909860579
3.87166788573146
0.71188703596232
1.89283783840220
1.43678547575131
1.94452182646901
0.99538550278092
0.99144655597049
0.18775243204165
0.26209302737995
1.28203130502044
2.01813164240532
2.28869768796170
1.36790113762978
0.52805092895480
0.18806900671418
0.24089615673600
1.99051555865890
0.32292083563013
0.66806075564576
0.60789496106524
2.73576679264167
3.01336534722482
0.29854359924601
1.60483605261616
2.62361694545750
0.03052573169524
0.79227499310075
2.31499277758592
8.92744227489861
0.81220876020339
1.19779501977078
1.14781100459274
1.10895348107247
0.26240384628185
5.39270653111422
1.48273591144293
1.12639540177767
1.35902937696770
0.44882429305719
3.86159123685797
2.08579426362015
0.43278954824989
0.54199836757532
0.54127972854122
0.30846918843262
1.22916740702645
0.19118687399584
1.25977985062357
2.77366392285005
0.41399977994559
0.61340951235329
4.59221652272025
0.03960070608425
1.81654300629329
1.09623873160640
5.45432214686066
5.12884700492007
1.93005012606964
0.99146330299445
0.75609393272789
2.97113925981533
0.57813582066051
3.27294477947376
0.11555325525324
4.74192786000816
1.79324796338147
0.92896304503791
3.91965769986892
0.81419906824050
2.37765491233301
6.48312356228490
0.61604617142570
0.47981859174730
2.57582079807713
0.30111388017615
0.72837299800099
5.40508633496635
1.10537148932885
0.09121570078153
3.66351515861032
1.05978556446763
0.33380178969617
1.68241922903336
1.13006795277070
0.54026016045057
0.54922089871203
2.90484008555707
0.67785467884512
1.27224254970193
0.51710793015389
1.22631413152343
1.44404283482649
0.20068054545524
1.66764025169561
2.70962129857672
3.09993486674329
0.49936023274340
1.23801767141191
0.44757010066400
6.61745152606150
0.36415263018448
1.62569809109633
1.15612434234260
1.54369044110562
3.00682255043620
3.13732172212895
1.97710960405803
0.41230420379682
3.57529646226972
0.40755055322285
1.07688287118104
0.16529290994449
1.50684977792386
9.69733952398850
2.69757663010991
4.68552577545619
0.59411323859833
2.05673755952883
0.34097060960850
3.51536775736142
2.25952931014251
1.01634359085589
0.78387417380545
3.86449108478264
2.89752402298930
0.60300729161455
2.32251474315915
1.33367707100926
2.05390716931134
0.09802528857993
1.59205516306694
0.20763606129657
0.03288146487482
1.50739822366986
0.92570287347876
0.73672043286980
2.48908404479862
0.32543304896014
1.01345587169173
0.27477169382607
1.95749876238535
0.37223201166155
0.11066527295649
0.13183909106390
1.24693169145593
1.20993573758833
1.51033787137180
0.08756939667629
0.67209712872525
0.84038049364459
0.26257274554861
1.14945414544037
0.17415421153916
0.51240134640208
0.14835553219082
1.72175069065331
0.98526256284097
0.24144520626680
2.26660200247961
2.72154873954169
1.64006649821980
0.37077340472924
0.84239618910679
0.29511284448341
0.11608040749328
1.62355942588821
0.40600632239768
1.45737069735301
0.29823688947135
1.25657345567836
0.41728323317992
0.83519783597759
2.09745503935375
0.54551126996108
5.61636879836324
0.38006032161322
0.18691749901454
0.88631952720714
1.35889762098825
1.18124587193756
1.23171637554476
0.40484728111385
0.25535778628303
0.27636856268488
1.01843228400231
1.09751799667227
2.32575462389704
1.96985917955669
1.53246115709687
0.44750676210090
0.96765534521787
1.52061277172829
0.89386210701023
1.75355193234337
2.47041995893566
0.35282799757448
1.79710242545191
4.26925020006412
0.11398426044420
0.30767844244282
2.72229082626003
1.21495519884103
1.43141745309335
0.58379668517150
1.22839984531196
0.39574677816680
3.31966218307963
0.11381501403531
0.22143214163506
2.61058887400362
2.27298881968838
0.15180057165709
7.07800157285876
0.12783472824025
0.73268197543580
0.29179560482262
0.51775880856025
0.74961990596037
2.01310781469461
1.40555469074719
0.06183596760631
0.93614245365181
0.00175433803722
0.82426209333630
0.65054929112176
0.38953910740636
0.21068348291064
0.59121329869546
3.22933382349582
0.80492235470513
2.24097461996118
0.49722822116062
0.63486716779011
0.86590017526629
0.28794097543885
0.06826709683436
1.52821717870737
0.03207214040500
0.23878454684178
2.59591574005744
1.12320697616326
0.19508462400507
2.81270531203799
0.80563724723605
0.38102206543482
0.21203934777754
0.37986641117308
0.47900147888274
1.90229642055690
1.10584427159340
0.62170509255732
2.55478989796863
2.39865356007471
1.04335733701937
4.28891554313783
1.30251635702300
0.48694819144092
0.07603071427698
2.04979682302259
0.71940870889858
3.99479442090062
0.54426950787870
0.31134126515105
1.97939676393663
3.88583154229119
1.88076310887745
0.26221322372764
2.59193900666817
2.59782682011199
0.80790463761869
2.71957567884666
0.56150404287358
2.60505196098833
0.92503397643950
2.22232458954456
1.89246763767922
0.41758675739133
2.58723659075856
3.42665247461332
1.00322310173625
0.05733388766590
0.38537523261347
1.52282161942929
0.37798289442870
0.31867145363350
4.24889265942165
2.22686018450219
2.75738664848777
0.65992953750983
0.44662234528250
0.64518485215121
0.23482487383459
0.01036820949439
1.05603284434381
1.18030955711701
2.81225937640432
0.36273874075342
4.56490631815264
1.04661890274438
0.40853447965894
1.50954754605827
2.15430858095533
2.29556340901604
1.13908266519594
0.93531459124314
1.93282778261803
0.23976950729691
2.80599249846098
0.36825315426144
0.05326598165195
0.08780472373040
1.05209494113314
2.30935910833204
0.31135500615778
0.14487712523213
0.27718487251681
0.61418679316357
1.25430230537678
1.35302498761947
0.02122752435117
0.54573590587554
0.00139488016693
3.02959770413179
3.06538610808742
3.19761735588831
1.39603687283152
1.61149424493729
0.27219553998435
1.54750073536661
1.46455546009992
0.98264668124780
0.93543035128628
1.91554264609942
3.79446328181004
0.77455909653577
1.42739534358508
0.79581897462956
4.75679299207130
3.02016444574052
0.93175187314638
0.32303328773733
0.48690545202040
0.08531957608868
0.02249046528928
0.66778452454774
1.52550885594381
1.12449905085646
2.25692538363002
3.40927428111200
0.34986128433428
0.26799845900873
2.70443103191881
0.74919581024461
0.91787564144451
0.23279572944803
0.21315995418409
1.10130292780038
0.56275834629785
1.27535735077497
0.27663226689569
1.19927268407996
3.83136421861323
3.14975703563812
4.44105237805632
0.77462414159658
2.97966607636345
0.10835301166842
3.66028714022736
0.93503989594471
6.33517751552082
3.91646491392163
3.16676271931263
1.35715525823406
3.06209435939042
0.22910030407363
0.29959869358735
0.96101038070671
0.34675240680372
2.83507792313832
7.15795123821191
0.89180838833539
0.42093414549161
0.48419537722075
4.83829923836776
5.30628908296376
0.04357761992084
0.30178702175684
0.16302237919080
0.22786764823355
0.18828270770688
0.36233965797711
3.02547175954074
0.38824323417829
4.58054875142942
0.71286877804100
0.68300967635173
5.09039867163401
1.77741180213505
0.91971640745284
0.42936909617124
1.93367283011235
1.54179228618784
0.03804118726580
2.39880722537916
1.04105602868209
5.54440277239226
0.17323576450114
5.02509659520596
1.20511063654776
0.36143979329177
0.18538887191460
7.99733101594013
1.14853036313325
0.51364352538777
1.00798975629603
1.03640898656196
0.24982217609112
1.51749289004046
5.87256715607263
1.01848014034266
0.53483598213394
0.59031232934808
0.59775723580315
1.25009559330549
2.81372313861057
0.85959330208961
6.52903369545619
1.56786608896971
1.47909651313553
3.32466110236536
1.51758062714889
0.01004249867310
0.14954273190112
0.48466901604756
8.13354386401184
2.42542894680716
0.11968265413163
2.59411878258393
0.48301474462526
0.86308967155586
0.64405337185379
0.90412240173078
0.03001271768186
0.39399379154811
1.14812410370867
0.35296614113915
0.35703750342472
1.44805008799235
0.54138819650153
1.44744590895518
3.40635855357290
1.14031611762939
0.04710152926636
0.34900015001658
0.35460591575406
3.36269649109639
0.69581959557529
0.54346660901249
0.34870239273266
1.43886454701554
0.72053812124689
0.81840108506965
0.46427782996730
1.97867556706394
1.91589686986543
0.15597562456392
0.42498793939595
1.69202658690628
3.80990471300813
2.40051047834617
1.26343650698009
1.33428415321439
2.22990172898373
9.11186094157234
4.39143488191918
0.61909035678813
0.29097941841431
1.63492488981568
1.71358512197541
3.06004850974871
1.32674707232990
3.07989999873420
0.16462411944778
0.65313637232745
0.22571688554215
1.43932098252839
0.01344715024508
2.44709745733526
1.03689350879971
5.05072402598844
0.40953189695540
0.11091452535360
1.14587137816752
0.93643573765332
0.08817040305683
1.38002365268737
0.74317139005120
1.26609972982374
0.95563354552416
3.02317031143559
0.68363104891037
1.55774614438858
1.98360330903353
0.07826842141833
0.23641807903122
2.60902314417758
4.10717669725200
0.43687737977120
2.06536911163086
1.04639534148348
1.60713629496036
0.33474173945387
3.18003348627983
0.12932745370346
0.97261185834522
0.29055606784866
0.87175947502497
2.65275252115136
1.12510515516424
7.34884560947148
0.47052287900956
3.42073986007519
0.11493494833905
1.13753844838629
0.33019601596154
1.69515745679536
1.03499939150037
0.79590050663760
1.04427728719870
1.82926297967209
4.23721807558814
1.27890705112190
3.85408288110022
0.52043602485376
0.63427725432901
0.00492884098508
0.65330034262739
1.20938101825409
1.64066131950725
1.49869135610798
1.34552716226084
3.03092381406880
1.13425502484152
1.56316941509068
0.76925670299870
1.44869354829431
0.31126949332405
2.90651696757480
0.22742137579833
2.26311939661227
0.11986906379487
0.67181730795633
1.68843919986174
1.07001953473359
0.20282378287382
4.90406821083088
0.43504567887860
1.65955572788023
0.02366086315873
0.89266631692167
0.96735480081958
1.24094300031785
0.92032988952436
4.22100360658074
0.90543783010852
0.29372687916316
0.82207334842441
1.63866298279603
0.12108199391291
0.72070010417493
1.55226980187066
0.40313844566961
0.24198449754835
1.20167836708484
1.78952390897501
0.25779592931342
0.52129361292799
2.80934090718698
2.38179502940902
0.43515210118260
0.39532828239459
1.18048677187679
0.87724537613711
0.71138064961980
1.29015936507281
1.87337690348915
0.25092291358591
1.42558914632013
4.64787999090775
0.65629963504039
4.01593582450276
0.78788725964507
0.77169801100300
1.46747148755469
2.36562833776080
0.66141654707560
0.09718594414816
0.63464914057927
2.77876975129271
0.08600725724954
3.72449932522481
2.00842740136465
0.31513390062075
2.27476523945717
1.57625609612428
0.52259077754782
0.58420298691883
0.81080118885493
0.29762968271876
1.18774492396120
1.07284305873054
1.40307929258808
2.45110411746287
1.76972313541508
1.41240876629497
0.45014267111425
0.68070071956439
2.44647927436244
1.39698505716200
1.73491994420967
0.70043523178057
1.24699768014369
0.97628785086379
4.63960253411953
0.54413342479126
0.22743279059486
0.14885320323250
0.31143392590050
0.25378931776626
1.27545505482507
1.07591708726391
4.21857736302654
2.18809591786939
0.99117834634035
1.62052868104546
0.26332933413410
5.15499362377626
0.04731339607528
2.52595770321545
0.34051632374344
0.44265513678733
0.84991089576939
2.06584844080929
0.75188131066017
2.90674571953489
0.33644054395251
1.33510899469917
1.69279104490230
3.20223583757035
0.35377574830528
2.39297539751031
1.05827605198554
0.37581827846223
0.01472884456976
1.63845243148010
2.45098117919481
3.80059112834444
0.13406780985869
0.33972996140418
0.13139241624048
0.76055847096033
1.10428540216165
0.59132820453326
0.70979430476363
2.33649613244917
2.41222324882740
0.63912993010258
0.24689748493183
3.17554469969336
1.89982688895410
0.23474744930697
3.13505186811527
1.82972566923893
0.61882254048436
0.95720133585727
1.14405425387748
0.34846332627150
1.09720963976974
0.02014902524804
0.11461300755211
4.08749001981050
9.47754643862267
5.40087118159470
2.59231094943613
4.46691149414204
0.20133788530233
0.28250762866806
0.96164385151923
4.37856642697018
0.12124587517676
0.42367939439910
4.27616241724913
4.81905381301416
0.34131313272902
1.72999203074232
0.78805796920002
1.57856725818526
0.49046196883346
1.72857814294805
0.06567066465417
1.97731601026109
0.02727462735608
2.29905285801058
2.49158291044571
0.98578409117995
2.83558148108441
0.86729571602105
0.70854469863997
1.94096653703608
0.24909250813170
2.09624988443126
1.91535109354700
0.33696687644800
0.19449442358783
0.27340084421124
5.96448967226816
1.83605894212443
0.74815433619078
0.17758613049036
1.07682612822193
0.36053483378825
0.37847113142876
0.76988571496722
2.00671198450350
1.86362694680403
3.05843430227052
2.65049420119114
0.19336564615942
0.42595443108742
0.15369875863034
0.26469992898379
4.68888122261964
0.11259654474407
2.24725410327882
1.19487283981964
0.29310521179709
5.29086816157782
1.10250850972338
3.85180647195174
1.70335266401698
0.89640567855953
2.12599626443102
0.05804948124097
0.73156390371065
0.14473651839754
0.09328210935360
0.88335700733762
2.03718454077653
0.90077190226231
4.28836632191201
1.25639657258489
2.26908934634439
0.99873501042411
4.05775417997003
1.57271670025465
0.82374952600746
2.64857296391564
1.20234263681677
0.51156991912983
0.11745914818898
1.84171649239806
2.62238965708066
0.23991530051663
2.79090220668062
0.06881360288384
0.87074387300732
1.18335149848749
0.68887141686942
0.69593464181588
1.49940264046460
0.02752534128428
1.83702821425384
1.23626910080450
1.34679026733964
0.85870021604786
2.26260994905982
0.89666173323700
0.51440267883522
2.66971825128963
0.22419657811310
1.05784232393381
0.59534394090707
0.73544168790780
1.44271842762944
2.77677302228209
5.30717020177782
2.87702538601601
0.13726234344631
0.18358105191884
1.20099091329757
2.17325078384513
2.80366354173902
1.64132441938171
2.25569342460936
0.13826914073935
1.66972473704643
3.28940510731508
1.06572414457550
0.52899840457434
1.20990812913311
0.40784893862203
2.65096284688309
1.79163318687110
1.97053850158601
1.09513332214011
2.73606047927335
0.74427633352318
0.38694309406787
1.53536721387158
3.34531649521852
1.33817797285125
0.31454820042073
1.04221829723816
1.58589860119928
0.87449829787338
0.11602388736234
5.70942164755570
3.48293886710655
1.10359852646845
2.00301601808091
0.92682180954731
2.46577059174133
0.62910251934218
1.86078828298091
0.96206587455276
0.15523366463421
1.92402586016000
2.69599370377621
1.09370764557025
1.91198671996265
5.33089546109476
3.08193316114708
1.02099389223327
0.51265930758676
7.41621362213589
0.10570728048045
1.51140197304888
1.24252104420294
1.57708394131471
1.39848145654485
1.57750815716561
0.70799986422142
2.35138259815406
0.34063813475045
0.71531688658236
0.55003953440162
0.18823011642376
1.91908721751456
1.76614699248250
0.33250540590209
0.46117999404826
1.05233954553463
