0.42875194942055
0.15298718128027
-0.29049472990003
0.19378917254218
-0.27933162463798
-0.10632793098051
-0.26107408584146
0.26209685358316
0.05345557353155
0.44845325008428
-0.19647886054426
0.66609943921962
-0.01834692294632
-0.43207032626126
0.00922445906756
0.67225178595272
0.14181358792904
-0.17622968516137
-0.58526193331241
-0.03048725148220
0.23621527815061
0.42162372377777
-0.15032415145558
-0.03392165109232
-0.03150432558335
0.61241852846575
-0.34920030010361
-0.06545842162588
-0.05497986965579
0.24748800659901
-0.04951071462106
0.64511479281127
-0.03755216535067
0.02972194320975
0.03903923790857
0.03544961709317
0.47629476873032
0.42204567716552
-0.01692216937287
0.82546481016346
0.07895875493016
0.13727334706917
0.53660353484405
-0.45659490928827
0.05305818191406
-0.56338620957145
0.87255529215213
0.93234110527315
-0.19275844012981
-0.01010579802566
0.72751985058539
-0.03309420870295
0.74299527227087
-0.36873210052435
0.01046340074877
0.60167009458024
0.34687907963380
-0.24148040276090
-0.68159339236170
-0.59736129948746
-0.39778029099003
0.12621374899811
-0.15048374708299
-0.12018414964908
-0.07288506723609
-0.57338970507187
0.63392482308388
-0.34445859880394
0.06527865308583
-0.72201197395195
0.21899707253044
0.31309719677693
0.21662568962976
0.05563928841410
0.43845204470607
-0.24552444193769
0.33356039148456
0.13398801169078
0.26127660053842
0.09493830199118
0.01611064468329
0.06424466383841
-0.14952386084456
-0.33146671174628
-0.08299866136303
0.54086658523458
0.24482981965171
0.61237675864826
0.24011152900761
-0.59701207633922
-0.22751268289402
-0.10493235015540
-0.11641289066356
-0.33145506416050
-0.16634823529345
-0.58625993020193
-0.04490749074375
-0.00380952470182
0.71706163078410
-0.56373513283382
0.46318493246249
0.36114964092204
-0.06661624045419
-0.48143289120935
0.64300180349639
-0.12911014870233
-0.21724772416858
0.83350279779802
0.19312927135878
-0.05888898859680
0.47942417556393
0.24164711788373
-0.17102915429092
-0.51644275454639
-0.24949002417246
0.04090811593500
-0.00864464464069
0.80153963519332
-0.49305349052560
-0.12189905351116
-0.45425436713465
0.61140931705544
-0.20009326199074
0.02013097099035
-0.05831685385588
0.59806432230308
0.43722568938379
0.16712514877651
0.48970296815490
-0.67591857941631
0.12633236084428
0.05986473479302
0.42947864040242
0.13672519574721
-0.07077592568043
-0.10495899436295
0.49691201723037
-0.54550675886940
0.16428741121864
0.16978479696893
-0.34035909284854
0.60527214668937
-0.06770373744318
0.26742149110298
0.71552312733397
-0.20781724397457
-0.84286821020901
-0.76257454546288
-0.35843890828939
-0.44867743246661
0.19455260932192
-0.29999924837612
0.05087616250425
0.04976232724719
-0.72173929527483
0.92533937232817
-0.19655198659587
-0.57461670673202
0.02153500263651
0.25523139734530
-0.03403123283481
-0.29259901693677
-0.81135921730258
0.90524469125329
-0.38940848241998
-0.12263599649194
0.48760727536287
-0.32218557704342
-0.11136162146524
-0.30878699166178
0.21072910549619
0.62804104184175
0.11009990568743
0.69737842245837
0.55147748093655
0.27953897010514
-0.41000949889888
-0.09397131674642
0.09229398569665
0.53956075503470
0.08435164209658
0.58024961621512
-0.11284241737465
-0.22157654688767
-0.27620120312842
-0.00101980660158
-0.59420832367344
0.25420209823838
-0.01471534651458
-0.53428009875784
-0.65207324160825
-0.03002859560308
0.45719385168384
-0.70135329370450
-0.07142527078810
-0.28392672458846
0.01870414382718
0.03465197376658
0.18331321011452
0.28365018604493
-0.55901739399834
-0.09087846758351
0.26941051858916
-0.34107558072595
-0.23247268480830
-0.19273054469038
-0.14123985736689
-0.29892695336553
0.33268704187716
0.43548960305540
-0.25532323925538
0.16911911180668
0.69203273192608
-0.51264829910949
0.29836161262279
0.17210581487608
-0.02253564587912
0.49093988094988
-0.23288118896674
-0.41893636454779
0.51627817028960
-0.78940014857305
0.08609983468712
0.67631083665244
-0.68227715728911
-0.03483991978450
-0.21514446251800
0.59719817368183
-0.31947916435054
-0.47268599852579
-0.07348470113868
-0.19828157136137
0.22598984661791
0.37760167167410
0.07177694657435
-0.67989602856333
-0.13325388735777
0.09544709143017
-0.08440354470369
0.70296885059353
0.11989960405971
0.39960879478585
-0.73874609858671
0.10317235351688
-0.46720166805536
0.44662722220953
-0.46641441502907
-0.58942895782619
0.14955569484716
0.40478750802799
-0.69526663967188
0.22100477163727
-0.19738820483786
0.12934713723573
-0.30344212954093
0.00212785927678
-0.56724351764063
0.06988051304122
0.56902016725811
0.44418031510160
0.11829844169239
-0.12579761497946
0.63336878299404
0.51344100083850
-0.36973036470345
-0.81258264687498
0.57677225050366
-0.23961204161849
-0.11170620336742
0.03936601338879
0.13147381419850
0.23192597750198
0.27097587812272
0.37944598280799
-0.02923677816486
-0.09079582388084
0.48835470829548
-0.73806536418296
0.14947194799291
0.74397129739820
-0.52539224760858
0.46399068248644
-0.01596166147662
-0.86749814537703
0.36990005633323
0.48737502539874
0.48870676080170
0.08936323974718
-0.65155464161725
-0.66690422998131
-0.43769653906938
-0.04781699369094
-0.09962744456699
0.38065465697118
-0.12398034712485
-0.72712894982059
-0.22237494272290
0.01837942237890
0.01676094858756
0.32502518050607
-0.84369648939171
0.65961474583466
0.39724681638053
0.31913889493753
-0.69364947857971
0.20626640422562
-0.48085661022032
-0.10943087614581
-0.02672049870096
0.11863491969120
-0.29366306415464
0.00156913278697
0.73845697321857
-0.07058595217326
0.15815582878802
-0.30843595662547
-0.75774366909533
-0.34362595730630
0.22707293798545
-0.86325405717979
0.46496321329147
-0.25612018129608
-0.06499403671594
0.32022051621239
0.61805284657425
-0.21734905579004
0.09230958162449
-0.55365253125953
-0.07075655184256
-0.32991237953767
-0.01590526477243
0.49745007161864
0.30327792340111
0.00533067249010
0.68260845340910
-0.37411959812703
0.73305351833489
-0.23996308363972
-0.41872016592823
0.63686385640728
0.16915420450696
-0.17756736566199
0.20480337282866
0.50925620948396
-0.51775203902170
-0.18067594812283
0.03632762890138
0.51967400196925
-0.24924840510322
0.08289254507185
0.00952524925094
0.70251642898774
-0.68664983645391
-0.58563670357020
-0.25097976962616
0.88947847200999
-0.37270906352099
0.52475405834837
0.47942571783412
-0.13088131888345
0.84552051911388
-0.26391846605759
-0.04570834946153
0.55414758089657
0.00279793469366
0.08629518239121
0.29892122480037
0.59812359493138
-0.03742018343761
-0.30824976708193
0.53168941407077
0.61778855492258
-0.40424983222235
0.41267016828650
-0.25992977258746
-0.50757263345065
-0.74392723838982
-0.04439959211480
-0.77139892558167
-0.29658722751615
0.82915482848378
-0.19578616237072
0.36608242819369
-0.53024333879829
-0.89447203646157
-0.42886114792380
-0.43237622754293
-0.33720198289361
0.17533803180574
-0.48371495841244
-0.05058058726163
0.70210435786382
0.73858390456931
0.32949892726238
0.23489484620974
-0.10136224613588
-0.43726654417686
0.51094924728896
-0.00509716989710
-0.75621259527105
-0.39226993051929
-0.12479965580851
-0.23983935836695
0.53295236059136
-0.03003978963478
0.36214889137174
-0.14484290692249
-0.02385020164021
-0.00757034728656
0.72288183156535
-0.17883479091285
0.01053585531681
0.22559457562193
0.60353561146349
0.53856690020234
-0.56643346583770
-0.77746560181373
-0.52688411601208
0.64962539339886
-0.23583826666504
0.06004652197475
-0.17786247896862
-0.19487376194209
-0.02920154110957
0.39966331301241
-0.39469772642231
0.27665849881091
-0.15778556799413
0.07469096923000
-0.25912672200200
0.18220837934977
-0.21538234884636
0.17532607874615
-0.18165202261026
-0.82045183322413
0.55535135024942
0.26126753737278
0.10838062228094
0.58582492805357
0.13221560983556
0.41321685929467
-0.31431082604188
0.04782654347263
-0.05490552077764
-0.21658439664942
-0.71817904045721
-0.91684611510339
0.17573090511175
0.45827046197759
0.57616379837327
-0.12399333814345
0.03760484514646
-0.39378278953665
0.05312501408771
0.37874731299409
0.81465241676879
-0.60191662171945
-0.63087748113595
0.64045013517162
0.45042155005523
-0.21745384354957
0.24027882248176
0.16066721322046
0.03988939059893
0.84249394286540
0.37712710228615
-0.04811865652358
0.51929821750116
0.32958484223559
-0.19320573107954
-0.92913057558664
0.51532516792199
0.45657810170975
-0.21427756697604
-0.25404854642881
0.46482041173839
0.35289568004799
-0.14566705755222
-0.70396680417655
0.77369792702314
0.28021517036493
-0.32466721456715
0.49819676647810
0.11096624383282
0.06229007759238
0.07707839788733
0.04646377267617
0.10176748507738
-0.58406103010478
-0.14674212697276
-0.60910968045197
0.16798183655738
-0.35786142635991
0.09757622894718
0.76242583653071
0.24580493534254
0.38734343433163
0.37681468267777
0.32123179096786
0.24772796325745
-0.57336972773698
-0.38897447213017
-0.32906079121356
0.94617977037382
0.23584962833479
-0.35331987000691
-0.39858816070416
-0.56438344976138
0.03586491105885
-0.43935845021129
0.34855868450765
0.34011402416048
0.43236016921343
-0.00680673029591
0.60977202635713
0.03193353071433
0.73131396515822
0.27100465505896
0.21473815208987
-0.23553607856647
-0.64227650623875
-0.38927212329082
-0.15558575799483
0.12626195937687
0.34400852739066
0.28694273358534
-0.30111812534794
-0.36695233656417
0.22154410054048
0.38520978315976
0.31045575361254
0.39028701530317
0.31732582129414
-0.44588231036713
-0.31514503495542
-0.33319155840817
-0.07722207302098
0.04167749548409
0.15480370081719
-0.29813823630015
0.63865096896824
0.27731483768547
0.12353584828020
-0.33733076338532
0.11139760357859
-0.14883524186389
-0.51573821972857
-0.10968225687262
0.39606367721970
0.25326369621477
0.33867334869628
-0.25467608135877
-0.04932678493174
0.27207218262929
-0.06566529956910
-0.16606349971428
-0.21974440720852
0.04462935963861
-0.34747979619889
-0.08385572213859
0.27743921581536
0.29070207397021
0.03477605014796
0.24945239082419
-0.10835054521838
0.66006524984728
0.04017068400987
-0.35085460280574
0.67610381202591
0.42141773245363
-0.35962461231259
0.12671748647779
0.23196130582688
0.42779504713965
0.25220385484966
0.16468236277098
0.61159074474666
0.54751487986535
-0.63537388883316
0.54275368086191
-0.15978905053799
0.55400336513017
0.36826574726415
0.18217368385856
0.18689686813713
0.00229375204178
-0.58717125169335
0.37056114402160
-0.07038719303458
-0.27151135786973
-0.08381935073241
-0.09305553375420
0.37272059469145
-0.86621591815083
0.49062849790353
0.41870105192936
0.03619615083383
0.86275568551512
-0.01849678578717
-0.25511327677179
0.53514586833080
0.19236449254321
-0.10173979639157
0.69851955105482
0.24488830158715
-0.24736775981605
0.80878813928402
-0.64825819136959
-0.75204868975657
0.88034276006759
0.69429426393206
-0.66504068703625
-0.69856063774720
0.08702642102122
0.70955757457277
0.29357431656382
0.17414330466378
0.41791290716171
0.23511222108971
-0.18881002356709
0.73137370111950
0.40364568000829
-0.10741607384170
-0.45222666554722
-0.33022312602504
-0.12496504472800
-0.21480165106002
-0.04432647491075
-0.14629931335631
-0.27708341752974
-0.46225255982124
0.28531015398228
0.20419665202694
0.77552082844801
-0.35771282452983
-0.34725310110825
0.75316610734592
0.04579012330891
0.82418160877385
0.07034670518262
-0.04484432099613
0.15811148432927
0.13646455813966
-0.00804827316108
0.68909280220470
-0.71372570363513
0.18949926141161
0.09247970259398
-0.47894204243968
0.06031992289253
-0.58619155762074
0.18456779848066
0.38839216501843
-0.32343089502465
0.60989394812374
-0.34706947549575
-0.14606579353384
-0.20448694108263
0.76097516331867
-0.08791442592066
-0.54929542706781
0.39971372969435
-0.01646141010172
0.13801616483276
0.36412028659327
-0.95512843316194
-0.90951209883649
0.03935711786121
-0.24340217385599
-0.21829999201852
-0.37273531843570
-0.77479354980159
0.65240165807884
-0.21959642563928
-0.66342222954306
0.01703941031221
0.04935339328337
-0.43289567457181
-0.37435134052036
0.22931542258212
0.81705378965337
0.00036347471195
0.58837364455144
-0.46801120949351
0.48953759832752
-0.16455045722637
0.10511588542960
-0.27911414405290
0.10859024716010
-0.69667394445123
-0.78562850914226
-0.70095921200745
0.52976567695372
-0.92591832854129
-0.56243566310147
-0.83455974088728
-0.12515678821372
-0.68625566860952
0.74655733571693
0.05511488535214
0.40094645293474
-0.61036896361521
-0.23391240706384
0.18165660145770
-0.05547573885670
-0.34166386879127
-0.04174117000855
-0.49189958138945
0.37211095931572
-0.81805048827922
-0.94431550192848
-0.01615796145804
0.61853296804174
-0.25556231488267
-0.42562809559779
0.65465822334153
-0.32809137801085
0.41377423490108
-0.29914628216026
0.62397821323200
0.06593074978605
-0.08630225485484
0.22824118390132
-0.39019981463915
0.02916568658741
0.35684998582902
0.00119675928783
-0.82001980339178
-0.29407965172738
-0.30292136888156
-0.08418374931635
-0.38580827898616
-0.11604191321695
-0.70026081972768
0.00653679250113
0.18488133241650
0.50169251789418
-0.42607459957994
0.44047249827556
0.28277219658847
-0.52083906834984
-0.62224308570020
0.27470485180370
-0.42073338684660
-0.16743268546063
0.52990919795349
-0.15980026319614
0.05766043907854
0.26032505103402
-0.35784212004293
0.54291771796668
-0.03402662139108
0.78374485102657
-0.18488234057319
-0.59694491354606
0.08765973154812
0.88117149792666
0.02906737897036
-0.18361849253234
-0.62195171631032
0.01349087292957
0.56305667830773
-0.19061352042044
-0.24351004569023
-0.24024142848339
-0.79990364369000
0.02049358748854
0.81525301924686
-0.10953053697456
-0.67148618803894
-0.52688473673858
0.30137068512913
0.24632939195555
0.20358067760411
-0.72304393198483
-0.29697165046678
-0.02897598502644
0.24731453752486
-0.50753054512084
-0.17104385335513
0.34926758210606
0.14893781680099
-0.70642935098448
-0.54142614944904
0.08749466207227
0.23846931766647
0.09712461712636
-0.17269454345698
-0.22742972906094
-0.25437703088595
0.29970785803148
0.38387760491291
-0.15605986079018
-0.79111960194591
-0.06229759709085
-0.18106716693429
0.21463401532482
-0.21220293511273
-0.45539141048463
-0.09232516777344
0.43254724956702
0.94970156436306
0.22355958364138
0.27714426409320
0.39728479198985
-0.11456855531529
-0.01078143343831
-0.21346162269519
0.89921680041552
-0.18198376064281
-0.10728655248288
-0.10165965003039
-0.11156101576591
0.13661956327810
-0.17166943111069
0.22650413551671
0.51031186688240
0.63968339266241
-0.17426729582914
0.07688610538695
0.32175221495412
-0.31704437607762
-0.02688781452686
-0.72060192875592
-0.35840643726215
-0.05096620789308
0.14051434730204
-0.04252003321541
-0.42620718312739
-0.08348008481948
-0.17164796086571
0.81763679432573
0.03146397789543
0.66599298485834
-0.20151316663321
0.20548876570793
0.22017703541563
0.37263678776689
0.50378193170940
0.64264814725269
-0.80829360280572
-0.12545938190327
-0.04719584437422
-0.63545535255012
-0.20396437924540
-0.41982315826222
-0.15405945999271
-0.01518042945079
0.62687824928522
0.45205758253674
-0.20715822195968
0.39542517084415
0.28958222981989
0.00455068005461
-0.45538832128765
0.01294245012707
-0.61824063287035
0.35164785960300
-0.38879318506866
0.73874770930910
0.02406923380870
-0.44939092847025
0.69029352473574
0.17742915320090
0.39899879759131
0.23920634679459
-0.11373393382585
-0.29101339042700
-0.22355358173305
-0.29390725367419
-0.41953456840456
0.02603762365227
0.94089677321766
0.34544938353144
-0.03343074816905
-0.31342256549440
-0.42962102425733
-0.25360245269425
-0.23458155860872
-0.76750299789361
-0.32774273321393
-0.02625999321521
0.08850149115943
0.06335246146813
-0.47175829274196
0.37776977772721
0.21107999152089
-0.55081545866598
-0.17717575755770
0.11362447036133
-0.37183921848044
-0.73095978690822
-0.27044571110534
0.18971510705990
0.75846893794763
-0.36173571243963
0.01180567825763
0.25194273295437
-0.20633709393737
0.12991438299879
0.05951445971593
-0.82909158283337
-0.78200361820962
0.38595866243632
0.00536300614726
-0.00425281934638
-0.45348459736141
0.03205004475641
-0.12952094437998
0.11186422086873
-0.12807366211343
0.23928891925108
0.09524553692678
-0.10452856640542
-0.86414403834573
0.74751119583264
0.43890795737454
0.04929622730673
-0.27144987660993
-0.24955893598942
0.34385671855130
0.11329481243775
0.18127638622247
0.43960390819218
-0.29906351645434
0.12142407853223
0.27109556005853
-0.00563740358019
-0.55685926906618
0.02591009578943
0.61424454097368
-0.88533556735392
-0.23310216806508
0.51735504228499
-0.72364663785493
0.11906948365228
0.60349417273118
0.58595007033364
-0.16236912001035
-0.08057064659920
0.10465952805460
0.22007625467148
-0.77516909166014
0.53314090917499
0.03378065444239
0.22629306708756
0.19221839457388
-0.43743142180025
-0.09838388585410
-0.59319377671610
0.40689734621295
-0.01829201030465
-0.06553752956238
0.37746228714355
0.64890462283460
-0.11701787082340
0.78610445316234
-0.16335531331755
-0.69246999672263
0.42728602999229
-0.22814958692908
0.52804368619250
-0.41613114318630
0.19033754998368
-0.55721524942537
-0.05022703346341
-0.32585099960018
-0.50768539426275
0.47844776766302
0.50163406902069
0.47097380807203
0.17619656034568
-0.19800788871851
0.26229249977613
-0.81813413734461
-0.74831739242576
0.39208461641897
-0.30362903759984
-0.49237425229157
-0.28485855706262
0.00988535536913
0.16615296954576
-0.07063940869208
-0.31190849622335
0.39178962977221
0.42551999465819
-0.51256463840258
0.22817473170728
0.05414516388166
-0.35812934458169
-0.32203847697100
0.21416056072999
-0.76441528869998
0.26120015385617
-0.51217268617459
-0.02402425372229
0.07378349456647
-0.39059571288088
-0.28360936990176
0.82324971902336
0.60253667207553
-0.58153040547926
0.57231693089582
-0.41412587110611
-0.50927278749145
0.27753008169938
-0.07239920975286
-0.18189441467724
-0.01630184055134
0.46246151135418
-0.52473048797098
0.60805257810655
-0.18110696048527
-0.31833999060017
0.25450331776147
0.41546740681653
-0.29714605971107
0.83248936377116
0.26798747632093
-0.10436011483165
0.36923627106903
0.45215935560510
0.14479678224064
0.38969764085007
0.12735348433599
0.12583923625100
0.65196811112201
-0.40588473314693
0.03122596537286
-0.79967282796263
0.30965788769985
-0.54820523389997
-0.01126011182147
0.34031153206728
0.52050213400298
0.45830837425697
-0.42195673539394
-0.70025897524332
-0.17993215014224
-0.14285017230681
0.86287872160919
0.08515100836994
-0.50670699426285
-0.01272174763154
0.17267443480560
0.27117836581132
-0.19540091193998
0.32687536968238
-0.58010467587975
0.05786547207174
-0.52715482540762
0.54551052141260
-0.10209833183424
0.04933397148239
0.03371544882362
0.30250440272619
-0.35168790600807
-0.31680070577040
-0.41696490832463
-0.15475651815289
-0.87398474890459
-0.01761259092838
0.84912568370305
-0.32161120805964
-0.00703048426985
-0.16230101285609
0.68040863083695
0.27843328485192
0.05641378790904
0.53367872281637
-0.07921087047048
-0.89569391957284
-0.36456998314921
0.75847138034109
-0.36653995484418
-0.48704606177613
0.17479596155453
-0.65234105412492
-0.14727734594945
0.30468847197699
0.34800468680822
0.15033556714204
-0.39558759629521
-0.11803817335425
-0.36766220832600
0.52483669972272
0.27320766182300
0.01407251228302
0.27901629278390
-0.31725856490306
-0.14742299734960
0.51511557517346
-0.39368403488476
0.22474467019771
-0.05127821911652
0.08332269363260
-0.37100029241806
0.02876813850774
-0.22589238603874
-0.51115818531772
-0.28954147095305
0.80069040032136
0.29885944551735
0.34309572835597
0.89445023606273
-0.45027795361834
-0.24117132986019
-0.17915583410261
0.66396061455084
0.20478416383489
-0.16430340854651
-0.37454267236150
-0.07345355212384
-0.20769346515075
-0.11246403218827
-0.89418132784505
0.64887953859236
-0.64498833224410
0.46983096071977
-0.37198404891974
0.39167515625790
-0.10145294903845
-0.31280806023293
-0.20843331152966
-0.34792279933948
-0.02408878646050
0.02188384254551
0.44379336035056
-0.06125836496300
-0.37321037350838
0.41646639044232
-0.09896608539809
0.39681028919146
-0.07482393089441
0.68882543439457
0.37501447804971
0.52576348861948
0.29556977716068
-0.15917048610708
0.00305026164420
0.44944766603850
-0.08159253470674
-0.58459646701095
-0.02813017369627
0.29683549855688
-0.09863438461844
-0.11895092302884
0.25328490336113
-0.11352775856551
0.50610448210784
-0.19773827455833
0.37008698627822
-0.02159775328897
0.11205182276296
0.06477767325229
-0.54229319912488
-0.20699928431166
-0.66916297034787
0.48422846406895
0.15871132312283
0.17563404756395
-0.29115138356162
0.43053213526985
-0.59653319492775
-0.70713801109564
0.01629912108942
-0.05196450932509
0.51487236819923
0.60367995668374
-0.18788005047845
0.20562305962929
0.06831532254271
0.71527764281038
-0.10416201320671
-0.12624910619401
-0.27834726883022
-0.03247290106140
0.11820007307371
-0.80551693113778
0.20914301053115
0.49759156792312
0.34830711285971
-0.10040594874900
0.00636534486262
-0.14727676620114
0.17008765561976
-0.59595535443907
-0.68589850919596
-0.87514430371818
-0.44503601940583
0.31779854386942
0.43531998965671
0.35533583832688
-0.10566535084772
0.71016320060481
0.11602176125907
0.83599168613366
0.62383649666972
-0.19944688454245
0.28730030976576
0.18122221863886
0.12498974107438
-0.08925802404492
0.64840616362561
-0.65665188229487
0.65195090493744
-0.35488058503479
-0.00546196708710
0.16325819267112
-0.10028561488739
-0.33328924064212
0.58088864832227
-0.14752586798162
-0.25832206022848
0.08426342861925
-0.71181877875320
-0.27833773162139
-0.48288199328020
0.20876585236227
0.23069984197184
0.81894146456334
0.37611133902153
-0.30557106728925
-0.36578083940120
0.39115826291552
0.17934879622392
0.33741281150720
0.35104413160637
0.38102207909386
0.28446468677580
-0.00634439196733
0.26735842659481
-0.22906437526879
-0.12307155231157
-0.52866663715274
-0.03858668498629
-0.24974951811589
-0.05666913513870
-0.41729635112793
0.46898151955986
-0.24944608344205
-0.12712580623437
-0.78531726486297
0.30778870233697
0.37447259313170
0.20005215201529
0.06016129444361
-0.06005718515257
0.01980954223304
0.18824001456995
0.32311649216484
-0.39374440274841
-0.29692984246506
-0.64562698437163
-0.10900708758692
0.21956355786862
-0.18193566528239
0.38419078354919
0.07748179560410
-0.19316771495769
0.03498504964401
0.76837431861478
-0.46013977632864
0.79252561591218
0.35898185212118
-0.86182187863710
0.56489994263505
0.55542708027895
0.00343929371025
-0.04123989820538
-0.35627274324944
-0.16162195762695
0.09969661389463
0.33934111676148
0.06307711268918
0.24583601869914
0.38835621131042
0.32117073625381
0.30319096394963
-0.29435217906458
0.62628230295437
0.19913048353006
0.05460996090183
0.27078853327352
0.12450657464774
-0.07822971422143
-0.07979695456093
-0.24638060864358
-0.66756462243738
0.07351225059177
-0.11196220159156
0.28038448248076
0.04867911201375
-0.09951503858879
0.36355340358035
-0.07780713964152
-0.51310781506501
0.02244947106692
0.48905407427300
-0.45844308960179
-0.38054802658993
-0.55058763294974
0.11863259231608
0.71415611669149
-0.27159368957933
0.66897738569834
-0.31651010984392
0.08292308546739
-0.13729767507748
0.02812341276003
0.11703538713839
-0.20549747171136
0.01315377792956
0.06292701236109
-0.94375599499035
0.19252631216893
-0.90050018853531
0.07535960435651
-0.61095322277907
-0.34243090280445
0.10325682028348
-0.34621908159285
-0.29221281143474
-0.44901308251965
-0.44988736438094
0.61665104172037
0.09427449716920
0.40953211086315
0.27266104811461
0.18384012355648
-0.26891088963901
0.48222184063970
-0.90584575380471
0.88496264390878
0.25130295299520
0.26623303222760
0.23894891340237
0.05727627503559
-0.31976403869678
-0.17887136627867
0.13681788003855
-0.38216330408219
0.42040751987156
-0.03028323269928
0.24806116719174
-0.60438510477747
0.06033676120468
-0.81283052908854
-0.15165315854906
-0.42945859834061
-0.34011406001640
0.02014124673798
0.35273839549755
0.78411554302281
0.32142057890139
0.01822726708754
-0.42102913531523
-0.55137045194924
0.83366951664615
0.02076631785406
-0.03980282602823
0.34967203501131
-0.40716391168868
-0.38205793378039
0.64803215751798
0.66110464402526
0.43931977936966
0.13170219451734
-0.19861874272983
-0.21946147886080
0.40020975675444
0.39869072493105
0.38646954874809
-0.19403269011249
0.56005203749987
-0.01101859892300
-0.00510244351118
0.25130085472544
0.11001719166991
-0.36146558791467
0.31516442602275
0.25443879154252
0.55402204280441
0.01980089257462
-0.28950282572280
-0.35635518159548
-0.88125607505499
-0.30274041243956
-0.38941414067029
0.64807446098331
-0.48102046664852
-0.24260303761931
-0.31128647937965
0.27141447610753
-0.08728985026818
-0.41636253726499
0.29087141356006
-0.57496312380534
0.25680593320020
-0.66406684772301
0.00246293563510
0.31721911128481
0.68813686617098
-0.17217705732779
-0.26192371466287
0.11655781423513
0.21530994969202
-0.68038911171276
0.02673746274167
-0.38651262241719
0.69248691745684
-0.60318150306269
-0.29287532777194
0.22919516369197
-0.15306731274029
0.82161366931238
-0.55395956782343
0.27370599437212
0.42488035672572
-0.10509752347371
0.27864877007839
-0.09271261379715
-0.45624340346839
-0.94760850861092
0.88394791441222
0.76588764077327
-0.24181091750125
-0.58818421167703
0.00845257705471
-0.45557825661058
0.72248845674213
0.29923206116037
0.11844605958017
-0.24419198522539
0.64948059369320
0.49893831997129
0.07538357101166
0.83913929427003
0.10677760891001
0.05643317292278
-0.65049588291463
-0.19335750266600
-0.30018256525518
0.32662184551667
-0.56168390743513
0.10578587097385
-0.03683812871428
-0.74334551661431
-0.27769647924122
-0.08284792773558
-0.62541056593201
0.03199654120579
-0.18786263288365
-0.24064917733923
0.89652304719040
-0.12849696871289
0.00158972619175
0.21348789483937
-0.45346857395650
-0.00137492781569
0.21452321680939
0.33691276159925
0.34056384597931
0.50274604163260
0.11267885664137
0.08400959152915
-0.83520383473262
0.60680447267685
-0.46409196381648
0.45827295279981
-0.58526573310851
0.10472773765434
-0.31180565632498
-0.44691437829608
0.10122824418416
-0.09552612998314
0.18668062388277
-0.45147195013774
0.07636924184690
0.04463070539973
-0.60370177151808
-0.32726497451182
-0.51912020636681
0.53494393384780
-0.21423903024487
-0.22365477877839
0.53927733262036
0.50934270373981
-0.16548588181170
0.15598440410382
-0.03700450716401
-0.41226223921974
-0.52893909976303
-0.28987258220551
-0.03246777180232
-0.24937261140410
-0.70729994667103
0.64197967650461
0.55998744562268
0.13796070783304
-0.40534555884327
0.38305083773241
-0.63350820058654
0.02638278623409
0.62820785009684
-0.73603281226756
-0.09417021651481
-0.15783846897904
0.04833847240002
0.13335241523262
0.66536983180110
0.43968607692033
0.18678254689406
-0.71906832173423
0.16947293010050
-0.03749151203665
0.67628778083077
0.19110085032466
-0.49239047220554
-0.13512712304253
0.40588226840174
-0.10797928185574
-0.49881673161817
-0.33762016395927
-0.11019343887930
-0.40014583263553
0.51579789655087
-0.55679775940105
-0.95285009171481
0.43944469487269
-0.57368526820731
0.09290181570356
-0.17941000414053
0.74237442097737
-0.41213674070879
0.22629976515952
0.29896687450771
-0.50082197063641
0.39929406270352
0.35946190234249
0.09000014331657
-0.36956312710865
-0.25879725453388
-0.14917892503980
-0.05495836774584
-0.37917279283478
0.10120823751260
0.57032886919115
-0.00022763945173
-0.28282869247851
0.04397918379120
0.77566320159271
-0.19658189788302
0.45104501044892
-0.73723665240092
-0.27757208900413
-0.70483802431488
-0.07141054844084
-0.89801460406651
0.20084015661890
0.26647803199779
-0.38348587573668
0.17331773562977
-0.27104378643960
0.16843052402531
0.57347833252208
-0.74800913955458
0.15237923299539
-0.16976605317079
0.06650201653433
0.53185268842236
-0.53960071296413
-0.63378019567289
0.14767582907699
0.02321178001501
0.51979462500652
0.21624792749819
-0.49833897664134
0.48926002974122
0.20335878720663
-0.19525549895840
0.57983430501997
0.65661018325789
-0.13770680601602
-0.65175895423245
-0.33422552856348
-0.01840354503058
0.04727607129481
-0.46401151244715
-0.65555342503616
0.31185201290615
-0.57277338745667
-0.19859539773250
-0.28768856836841
0.54836337293888
0.11602168954724
-0.25900548196351
0.31569982707300
0.58832825421743
-0.00599147100281
-0.31969531686962
-0.17505921943814
0.23747737623634
-0.15532696021503
-0.89967225906424
-0.20619899370065
0.03329196899817
0.43273412828927
0.08715937989166
-0.23033583268073
-0.61331620328748
-0.27437646606675
-0.44103327786598
0.11486002063139
0.26625197812275
-0.13082523463798
0.15369536082898
-0.60170751651829
0.19041040222645
-0.31557919984478
0.64246012067537
0.44926144296735
-0.49336195620399
-0.74202292866168
-0.05447097497735
0.36430732364036
0.09336209115263
0.78442669044455
-0.35658092859973
0.40778855160241
0.24946880538457
0.28548176273959
-0.04241784570851
-0.39537244122260
0.44482898220645
-0.50997978100087
-0.83360916321800
-0.13509772863942
-0.00579799805107
-0.03772518040506
-0.52165997238907
0.54387574016297
0.36979689512858
0.65368912446019
0.60121732931641
-0.21361782877409
-0.23584838269085
-0.18487867116224
0.45875433714071
-0.01547691506123
0.63657348865484
-0.66483370897585
0.69449955816125
0.25068340601897
0.39871844295353
-0.14202763426212
0.07562394024600
-0.34596977771538
0.04027983268736
-0.16993761489631
-0.09860612223791
0.75548494269861
-0.18347556525072
-0.27220630891258
-0.17079129590224
-0.19651760822000
0.11600620956905
0.00728764105928
0.48201601276268
-0.26875656529737
0.00116003491038
0.09587849541375
-0.21744619552858
0.81322355513145
-0.01571810199680
0.50470186467501
-0.26773847698594
0.82563101911248
-0.20393601069410
-0.15798888781946
0.69655124456461
0.07540899658362
-0.30410502213245
-0.02588280245004
0.30766465715490
0.00550750503573
-0.66999155267607
0.55029336295570
-0.52454432822976
0.45540891608941
0.71718581892419
-0.08980815768699
0.05789069927199
-0.89422247693605
0.58644607597331
0.34129035442196
0.15376399185218
-0.17922295265795
0.42687086874008
-0.07824836209335
-0.28925535468816
0.28841763375719
0.01583282417424
0.42959892164431
0.18840385702830
-0.09468482066630
0.14248326567117
-0.14040255366843
0.20774815613765
0.00355103658678
-0.14454873192336
0.03544190900188
0.93416409657065
-0.41942375033136
0.04828479096679
0.59261515391647
0.71734859082724
0.00278994860257
-0.22020762843090
0.16551938334737
0.41853677500903
0.11872241279051
-0.54679349416252
-0.15558118846062
-0.45031459557373
0.72547046734275
-0.28732633557512
0.35519515180737
-0.27926547978039
0.32791065579649
-0.33722192437259
-0.25426408893162
-0.84504443120446
0.67463072607044
0.39088864596136
0.56135961486090
-0.80879123500026
0.35253628546025
0.32027869313968
0.06205413912519
-0.65405892983734
-0.20573707958951
0.22631719951812
0.91386280670476
0.42539172872221
0.38435123692469
-0.20648438353393
0.19618539940388
-0.37064701289434
0.91670023552920
0.36879611777551
-0.08948495056922
-0.44974289017252
-0.55580749621420
-0.15734522750478
-0.20062016891344
-0.23685366531687
-0.61699820943968
0.06868841409156
-0.60620900132051
-0.01607906353477
-0.16354375247077
0.22633510791992
0.09179196697278
0.01188549073966
-0.52640386974737
-0.59989149523894
-0.80195368770601
0.10521612600666
0.23105072892786
-0.18985013765742
0.87205822992700
0.49005452426619
-0.49308076244457
-0.13231559103928
0.43969244064749
0.24023254180338
0.04064418936178
0.46989470742172
0.14514144889318
-0.48254962008565
0.47986120333889
-0.95450722703454
-0.07138121131406
0.23131388483165
-0.39709282219275
-0.08820714339996
0.54297828140807
-0.79872346846327
-0.14517001209090
-0.32284839233516
-0.02398572537302
-0.42640682236590
0.63485822064563
0.45842176091784
-0.36072009259868
0.07926375282894
0.52074845066329
0.30763976290246
0.17077629415820
-0.20886399839486
-0.26490846754280
-0.05297679503121
-0.72024983899679
0.27161809814704
-0.52309063147897
-0.09517943397871
-0.11415326973151
0.54298126303730
0.66404839729147
-0.15816289892335
0.26076061104460
0.42372383476408
0.28382031958728
-0.18843077830432
0.11370248818477
0.13475517981441
0.60562396357098
-0.26669440011806
0.31108870138931
0.32162305587978
-0.51236595796066
0.42802363980004
-0.40354405595155
-0.75101264787419
0.13089047145606
0.46726739614609
-0.11643061885444
0.39817359410141
0.30072223083150
0.73443687322290
0.37774584925629
-0.26635169576218
0.11210074979444
0.42420917955423
0.05458910300144
0.49732649815144
0.07218381765866
-0.66248935491894
0.32847938189678
-0.65610950796684
-0.65323370865231
-0.03601989617386
0.25937492133089
-0.54668510358161
-0.40749140614993
0.23181639156855
0.24458914447790
-0.06883325663807
0.51800026675593
0.00317862164377
-0.27091348230416
0.45854454974576
-0.40930279363380
0.38208190835178
0.24761199497041
0.94549557796935
0.73858269431562
0.33016360333663
-0.06281427250375
-0.10507922251945
0.13893255830693
0.12208772270106
-0.45852086062474
0.18005562116395
-0.33319453351814
-0.34953965076690
-0.46277173862922
0.22685150300472
-0.17373036182194
0.33759814842492
-0.05393716695436
-0.19781173355776
-0.66883029726745
-0.48377893654806
0.17116669061182
-0.55447557221841
-0.11854684544660
0.16102916521999
-0.42784566405595
-0.19439330287017
-0.41888917117328
0.29990151538509
0.33869760219878
0.57540510807904
-0.36757159483040
0.07414798022907
-0.19677497781663
-0.06353804891162
0.12928195210606
-0.48580303158881
-0.31088224999182
-0.10026284125646
0.26366857079029
-0.27799470689054
-0.17954493415521
0.73991060384545
-0.69578208061670
-0.28198460456076
-0.61159413522649
0.33122290639729
-0.18633449645077
0.32601765232441
-0.73928533761729
-0.06816294978753
0.43266619110138
0.36302403982870
0.03400654300768
-0.21288701994945
0.68983740764197
0.55336330996517
-0.41334157037239
-0.65105653724217
0.07800353415217
0.28866387777434
-0.39989785356442
-0.06902727255087
0.08819442898417
-0.26896969520905
0.24441420437974
-0.14435993141698
0.10181733970615
0.16000917002559
-0.46019589084210
0.95724157987034
-0.25796210731285
-0.42777579903033
-0.43591850876618
0.58745554489431
0.21512769265805
0.12921082187873
-0.27744214855015
0.17493322034130
0.59740092959134
0.08436464755068
0.45152174469620
0.69851501877350
0.62406078801679
0.70007246625613
-0.44176104545675
0.53609958641981
0.64126057580172
0.60517047001290
0.18205823105856
-0.16331662431514
0.14353464084842
0.05863055449847
-0.04314717605857
-0.34303220098048
-0.42760828483273
-0.37285832519310
-0.52139704791894
0.07550583131402
0.27872681537584
-0.56920371603649
0.48540569445370
0.24783934012420
0.48781641176334
0.19627639893269
-0.32943539243631
-0.40753370868393
-0.45599359947070
-0.29026548438252
-0.24646503908861
-0.15601617570781
0.35803189610971
-0.33356133165469
0.18549716760660
-0.42444501557594
-0.07858761915871
0.40495360614963
0.78411569855368
0.72225859282643
0.81639381023887
-0.06464534535289
0.38343120244491
-0.83317167257572
-0.80899762493046
0.35545935777736
-0.73833534574990
-0.04892491272135
-0.53386269907181
-0.05099143369635
-0.23732065373907
-0.40862175655021
0.69947344609512
0.00611505937116
0.27182779520369
0.37444011325689
0.18672439371549
0.17358529203273
0.07835793498827
-0.06526648768469
0.19474584758037
0.12561651977041
0.33219176360042
-0.24748430924839
0.20715691391712
0.74842518509758
0.17434046565291
0.15688026005257
0.44982590454157
-0.53941879586290
-0.51706800401074
-0.42437682460266
-0.01176749589470
-0.93124276349845
-0.23538783948654
-0.32738371907146
0.03628330586305
-0.12393282266517
-0.48543426370501
-0.15865919141036
0.37711246422358
-0.04315748207418
-0.28119664466064
0.43160748455283
0.41311161658406
0.75695560162745
-0.34207141461879
-0.27116665256730
0.10162666724139
0.26318818249888
0.03662519298337
-0.55486902108177
-0.16063940718800
0.50274631451012
-0.05830594527456
-0.43178204234307
0.32300245544082
0.83971995014684
0.23420463233916
-0.15322905460057
-0.17920693158135
0.96828365045054
-0.19226058628050
-0.01265567308881
-0.23298679908411
0.56172768890938
-0.35491740021618
0.32910874873824
0.37569261918575
0.02635380300989
0.12354071024970
0.48647074377466
-0.57525845317881
0.40207239585094
0.08984283874270
-0.09617583970361
0.42730521430602
-0.06130977350348
0.12943663454123
-0.57691144597573
-0.66008592986506
-0.33123714631947
-0.10596031141745
0.20112938489818
0.02606289136506
-0.02834780282730
-0.04343395635646
-0.08703191303044
-0.58226277287224
0.04302385730810
0.62468777672606
0.47115681761464
-0.22096555736892
-0.05000452373643
-0.76048207178734
-0.54149283959600
0.08025812827063
0.23781170101734
-0.51323724887950
-0.34201710547414
0.89331205417091
-0.05835059427579
-0.59810326741920
-0.04107735587334
-0.18467206469955
-0.00407988345440
-0.35761903615558
-0.04670356029957
0.28887056712474
0.27304387338136
-0.70436207424121
0.16969676509951
-0.46977232185647
-0.83182510818905
0.65000182839576
-0.02434006055088
-0.08290112767504
-0.24259541288139
0.01003579609563
-0.48553469287489
-0.10696596750383
-0.42701436645678
-0.43624724607740
0.24972310627332
0.10118616563323
0.11727191699542
-0.48314973175672
0.61167651583053
-0.15561248276178
0.02897316544735
-0.11879410134572
0.80124785415886
0.59947544550499
-0.29005805323369
-0.11683182656617
-0.45458659643987
0.61534075141667
-0.50700157671562
-0.47540685882578
0.07107255005793
-0.56506640024719
0.32013984272263
0.17140098296637
-0.41304596672442
-0.71221045437838
0.48313604504016
0.11457825876520
-0.08304331455521
0.60925331786706
-0.14375148534018
-0.11922320263424
-0.58024848046724
-0.49301412165771
-0.13851866644738
-0.07044531268554
-0.25652140577162
0.02107760357721
-0.46316693791336
0.54778261089129
0.60119626140278
-0.33671442760933
0.59514289935825
-0.31922540549153
-0.63475239865237
0.25067854591211
-0.08495326763250
0.11107353079648
0.28347538983611
-0.35951728343941
0.00082322163546
0.04038056127745
0.45423396046005
0.01157186786252
-0.88090200902936
0.20499828793341
0.13672134333137
-0.54422768975805
-0.40505423834783
0.19342969879202
-0.26890222833906
0.08577590951965
0.06390784683819
0.11471861187123
0.20732322763993
-0.40216852324184
-0.50838442729245
-0.00297336932410
0.53371715244545
0.39371959417766
0.10816927398935
0.16322952050866
0.19672327311557
-0.51445259829725
-0.18743200841706
-0.71801169436332
-0.55050007232954
-0.80479271188602
-0.15935902863711
0.04465165643238
0.17625009230163
0.04731319753794
0.00309379957760
-0.27165476524814
-0.10201982506645
-0.16000002956018
0.56214012837137
-0.51948386874026
-0.32150671552937
-0.06557248209863
-0.15817042307843
0.30644735056276
-0.23129114798796
0.27648715128959
-0.20796710076182
-0.56048932185419
0.35429346577930
-0.37235916795785
-0.51812177035870
-0.26503628458131
-0.18477994538135
0.35836214635445
0.27459837415935
0.14447791229211
0.88956255274339
0.25637318298983
-0.35983467072241
0.24400620639511
0.05970646769726
0.94079354821741
-0.13768205006499
-0.07166513897090
0.39609762579021
0.45893605307626
-0.63278275338597
-0.11155086155587
-0.64579441381888
0.30383847295485
0.60166857838708
0.48122466843632
-0.32779855994871
0.68850954141864
-0.51267323573710
0.72567752968784
-0.50339284469532
-0.09950671256497
-0.25625591085118
-0.06817303321705
0.14001243800857
0.41243025120927
0.49168741772496
-0.68652481710842
0.67121199270301
-0.13014442340012
0.23034906398056
0.72532616636033
-0.48279671626296
0.28620994849420
-0.10451808064455
-0.10345422527914
0.05024837751419
-0.12681005947609
-0.59781858213144
0.14193365962335
0.61084686155005
0.16575448781520
-0.14344231325362
0.49512602318783
0.59427545061068
-0.48652826784483
0.34675085979828
0.07364793777170
0.15326392285212
0.32396634683198
-0.00746752880861
-0.02731483710339
0.48275471314916
-0.29815514027055
-0.12428538879579
-0.10365427290260
0.19512878414017
-0.43983033273361
-0.13410536066355
0.13637699472549
0.40518233618009
-0.78705971491852
-0.16810968060424
0.29417622568746
0.26758168603647
-0.76145232644000
-0.66272290640637
-0.52632363630753
-0.50890407222738
-0.17891361293332
0.65290178621789
0.07633531609379
0.00554835656916
0.05670690725404
0.82440862517078
-0.42024155632604
-0.06471223154325
0.57753357923475
-0.20217693792757
-0.27875342978107
0.62460536911367
0.36366434365682
0.22294170326690
-0.25923484063672
0.09306889683617
-0.19652752401146
0.43503414813198
0.03675359954906
0.22801474492439
-0.45937461520516
0.64701717051073
0.15274495545437
-0.12976039300196
0.40612524953025
0.65391889198400
-0.51766139246414
0.40593922157117
-0.12925433839171
-0.08996275956275
-0.14038718451764
-0.29626786303533
-0.36624909302511
0.56637039294763
0.30229401462818
-0.43737317968038
0.25016028678518
0.79567513977907
-0.33458125932821
-0.51714793337376
0.01082504308355
0.58735635950573
-0.61150742117851
-0.18119494066629
-0.00915136468092
-0.21374218175828
0.18873764536750
0.59002347737086
0.56394722851177
-0.56350864961907
-0.38955759834012
-0.55363052084745
0.15801711341274
0.46032113882728
0.05053964585557
0.15993449751285
-0.09367564231794
-0.04392766162936
0.46960738136880
-0.25688865932491
0.39437915961928
-0.42066919450679
-0.27425335732952
-0.07232341732472
-0.04537447311234
0.30998876705300
-0.06120673523341
0.51455596159890
-0.07479916237052
0.56479537653029
-0.82115788656341
0.12472692603465
0.36173743352375
0.26812635607465
0.14333733736693
0.29973376370023
-0.09091164455326
-0.03749360751244
0.03026663513401
-0.05964598854056
-0.09636369026097
-0.17287396368239
0.59985038666048
0.13734330057043
-0.54875633378921
-0.04410754891304
0.00934100617158
-0.15127923439782
0.28707382608534
-0.05106769970202
0.14815862576857
-0.50358114973809
0.30864374540217
0.19229782381668
-0.19748366959276
0.71198067986964
-0.63974406041193
0.89169553475999
0.13110269286255
0.32570494773132
-0.40979376594061
-0.00583477411691
0.43957126347328
-0.41387827154895
-0.39554400853605
0.25933145371235
0.01431714837175
0.24623872258060
0.45037549987918
-0.24641454138160
0.01786629157973
0.35975177323434
0.19436482069751
0.40913730971941
0.29633617368356
0.28640864616558
-0.75846855424273
-0.57152619332612
-0.32411336820764
0.05242925186289
0.16524895986787
-0.47565432287550
-0.29821352814241
-0.08798614334687
0.43314708603227
-0.43629119193009
-0.51759991213568
0.07013473802718
0.52443535976318
0.27123191453108
0.11108834348204
0.16568264419478
-0.20479351803884
0.03246501415617
0.68720878366717
-0.41468289327560
0.01519156853444
-0.56566228790472
0.78130133579546
-0.22380992268390
0.36322864581050
0.27177080198739
0.08292454345288
0.09930059318398
0.66303193553492
0.03571097507873
-0.04123405881284
-0.04936048390780
-0.35620743332254
-0.19056468512424
0.36452897934454
-0.29078071019183
-0.46446291099510
0.35418790269372
0.19658224899163
0.66342164374116
-0.98786043282033
-0.69633995401503
-0.19683728283124
-0.32020099848518
0.43202055358888
0.21241639005598
-0.43521325682998
-0.32276500683407
-0.34835005009004
-0.48663222486462
0.19260937263845
-0.57751401540708
-0.32953719670397
0.54333719450204
-0.18822163352194
0.16274854874366
-0.03431560380120
-0.07870686057895
0.23073388227761
-0.22399369730800
0.05207682077404
0.20643920228185
0.44540400451301
-0.10512249549158
-0.75650144776166
0.46933166890840
0.05036287105193
0.05655819739055
-0.45829024606305
-0.26479810861163
0.12727551680397
-0.19725065454713
-0.39059771522442
0.07685931309911
-0.10524170478119
-0.06348218073299
-0.01759960875735
0.46877535500972
-0.09081762567666
0.35411825932288
-0.08644675281199
0.06404481551798
0.38924477919435
-0.03486039677396
-0.43206309826675
-0.11709993570908
-0.73750545118819
-0.49354812525844
0.70997175048570
0.21501070410712
-0.65801994579752
0.32980694590593
0.22386754361161
-0.44797163058444
0.70765449605307
0.12944123480909
-0.54134635745610
0.56772029705705
0.61401872505155
-0.18109341393276
0.36063804261416
-0.88183528458785
0.68061960380553
0.16487468274537
0.35321680193451
-0.42860791153675
-0.00085056666324
-0.40089161433321
0.45674234649946
-0.16404281983340
-0.36567748494711
0.51331055840166
0.08551821396012
0.36164918791580
0.10881897020564
-0.54333609507575
-0.05016593870249
-0.06852337395238
-0.10813311445906
-0.22348863036534
0.20216417834263
0.30461444906174
-0.66520850950163
-0.05310215430944
-0.05078641001637
-0.72544951305047
-0.33749465660075
0.26066195976951
0.12930788850845
-0.34845063758476
-0.34597170974406
0.24064833635495
-0.46512620033004
-0.12146942928502
0.41868235562867
-0.01663696021616
-0.33001888791566
-0.06283560910394
-0.29189897714737
-0.48978303209403
0.53674264463444
-0.20286758020654
0.43952654974513
-0.39970992756994
0.30640866668262
-0.13193884498064
0.45286667461175
-0.30638202154375
0.68867883537369
0.54440757424776
0.35512591868412
0.35129321382907
-0.76193106908441
-0.84342773344527
0.05260546088806
-0.04580044934796
-0.41874136562401
-0.55041585003511
0.67415407424520
0.00588047318434
-0.52507721983133
0.36138788767224
0.17037149154133
-0.51213157666481
-0.18934896829973
0.30054625649962
-0.19815934924323
-0.30708346204231
-0.41050437344727
-0.05381182164597
-0.41824863684282
0.57989900167095
0.63993193378669
-0.12492634874067
-0.10331027633665
-0.03881279427503
-0.11595032509228
0.82196651809940
-0.32104292852853
-0.87203679646926
-0.61648534779273
-0.42305801549137
0.17313320896269
0.09039902179055
0.15088644770481
-0.41302370578657
0.26402085007356
-0.03976337008167
0.23412041190738
-0.29204604415784
0.22199867489841
0.29677161401919
0.21463517109614
-0.16166416097510
0.52379829041837
-0.28231149505931
0.28936672922660
0.34760626002569
0.11136166151211
0.62157761800176
0.46784072297990
0.68527933521442
-0.88137852162187
0.24469240905936
-0.35794364584514
0.34319320895858
-0.58271096441090
-0.32875756375899
0.03628323042592
0.10081041608975
0.07353885009584
-0.88840222726036
0.89975357796054
0.50782537018313
0.93563496830670
0.28180965887467
0.51567807072572
0.55325884164928
0.06688778291777
-0.29140071910406
0.31583294939056
-0.50517550367172
0.04267626257738
-0.18710517659183
-0.33306115089593
0.09009566255384
-0.00340011995444
0.39602409414762
-0.84504329685357
-0.18632316039238
0.35595960140040
-0.35435621643176
-0.26035761193389
0.54886821077618
0.43014406851965
0.16642144376711
-0.12228042544903
-0.17977839251039
-0.10840258566123
-0.22632122981656
0.13028985640513
0.67900518452702
-0.14932639298464
-0.55611537329672
-0.29645338528624
0.19581744642733
-0.71608407037150
-0.24094018816992
0.63272286655042
0.42839631411638
0.08589486735216
0.45336604232591
0.13156026887314
0.35643395751549
-0.17932232105142
0.18248324151267
-0.79188601523260
-0.56904489852909
0.48244567424173
0.40677608894500
0.70201592366305
0.14113461558760
-0.45974172067816
0.06063755418204
-0.27237119119259
0.36955107951982
0.29927301420796
0.38221843279070
0.40118167940582
0.10615362371605
-0.25535420293703
0.02144576470435
-0.10822511329699
0.25566388725101
0.12859751895470
0.05515382720863
0.40957097541987
0.16589901278070
-0.04736389454797
-0.57086450027808
-0.33969170010634
-0.61312866891414
-0.41123025650681
-0.50625057216093
0.30759828458894
-0.00959871290699
0.40824179603171
0.30835588244179
-0.25214614684328
-0.34835735771263
0.09914336637554
0.13683822990248
0.62089671549429
0.72482698770465
0.60243534557635
-0.38736668107443
0.63325917610585
-0.33940594426329
0.05948292746185
0.19861466586525
-0.23963077237812
0.54305944896446
-0.13264306361444
-0.94990812425963
0.74251955130255
0.22612556453148
0.25496943958801
-0.03829690210442
-0.21651772885421
0.20749993445701
0.28647020193118
-0.31901627654164
-0.47680960897208
-0.23317565826381
-0.21873633387440
0.07621661484065
-0.53103036085657
0.31767891874429
0.19436217155045
-0.34046586758479
-0.08021910771738
0.14129672671729
-0.02818894899832
-0.41386294337635
-0.38241555233598
0.42773894147376
0.03253635253410
0.48835266776772
-0.35025751094811
0.10885580401349
-0.47660884516156
-0.59814928220499
-0.60757191880027
0.35537246212148
0.61142733535330
0.04549389614048
0.02688612277940
-0.20228580953660
0.13463682268496
-0.09197483681700
0.89501137002139
-0.13821637264370
0.52959761467278
-0.07217115399994
0.11994381207970
0.04020068097869
-0.73054567758485
-0.50864955108084
-0.14286076516978
0.54472560554032
0.71182009936861
0.43036350255383
0.09246377884059
0.75142704683888
-0.47891094418192
-0.21762892753707
-0.11027463763499
-0.76340033009807
-0.41741955532572
-0.33138041539648
0.13047660986449
-0.05726581954270
-0.44665534256336
-0.47312446193449
-0.03237106559443
-0.13549673749856
0.66466666695879
-0.53465631023732
-0.04799585884809
0.08633205019232
0.57301726218919
-0.86223652207397
-0.72911538497038
0.20986814713565
-0.35698565857345
0.36958303971662
0.41638752837497
0.23060921916301
0.56898120118723
0.01386843715509
-0.02175594261929
-0.17621426245953
-0.31054630098424
0.13500948256581
-0.23854183696142
-0.54055952911291
-0.01792950183988
0.08050414225110
-0.18394885360447
0.53216568172545
-0.14897381567814
0.10288341534458
-0.25157071102949
0.56531476721415
-0.07293487529873
0.18578500914657
0.10850629448355
0.05816732349720
0.29206141563694
-0.30085244835394
-0.20851535825455
-0.55526718709397
0.41855820753544
-0.17777330902301
-0.24615482624907
0.50585688581032
0.28376009049069
-0.37043544620761
0.21951429137006
0.46997740281279
-0.19731250647330
0.08931235181601
-0.08262949114788
0.16112570378982
0.07434851819386
0.19751356365043
0.11615698464036
-0.59110153633687
-0.37741360598123
-0.18660626429441
-0.05685412281046
-0.23797819495107
0.75627313868900
-0.02882222972290
-0.14340012154700
-0.05478688192311
-0.07435386445110
-0.45506218003810
-0.70522908619849
-0.23716880066188
-0.15689116677125
-0.07984974332147
-0.77991286189291
-0.39676771005465
0.27190871316563
-0.53687222280394
0.47834176918415
-0.43476446319128
-0.00402684323677
0.09343575457737
0.15258914798153
0.52295089071754
-0.37751648452949
-0.40559553513564
0.26370163041339
-0.39926776494797
0.76307102700838
-0.23473859263339
-0.09026275812195
-0.61548828362277
0.27136658936337
-0.48422997001756
0.84634814683644
0.35349589090491
-0.16557070248088
0.41034046859031
0.07726494924969
0.40610984033258
-0.15485571518301
0.17356890867165
0.38169971964401
-0.62482782808357
0.33950368517055
-0.00350505672558
-0.66639039091132
0.55366778352934
0.22359579765405
0.16568170402464
0.11469166125855
-0.13070340088136
-0.29644053350037
0.00638135755732
-0.13644806907347
0.00707244407715
0.26622843428805
-0.37145392939982
0.28752643349000
-0.31657105093662
-0.11369632282932
0.69487147996895
0.32768451344580
-0.24072662053664
0.31997089195995
-0.21676480826771
0.07501684877789
-0.76553467696790
0.47774249523773
0.67042685843558
-0.19644464049323
-0.55431035326529
-0.18042849012671
0.30019186823638
0.45164714308998
-0.82822268215391
-0.48352432646021
-0.55158267521839
0.63510216848697
-0.25231564336099
-0.39455354511484
-0.38121055037771
-0.23289857303393
0.14967221075188
-0.11591760493625
-0.28796196556090
0.63695204473890
-0.13052965427308
0.84091898651836
0.22286114060453
0.53183619190559
0.10085592982399
-0.85488186537050
-0.80218088710782
0.17805187412447
-0.15231325111925
-0.15735256027307
-0.20659683142165
0.56036622988077
0.33816484284502
-0.36940036358750
0.30321676717290
-0.47628024009814
-0.40963240033464
0.28876691883838
0.49541616835418
-0.21724732649384
-0.54878563366308
0.62915989366787
-0.06382384899250
-0.62141231290131
0.20128072388530
0.40196962673309
-0.14652088337882
-0.24696997378346
-0.15688797652576
0.47745933871598
0.64894638101056
0.16785907147818
0.02737618099310
0.26693320426481
-0.29025934463845
-0.09362308219710
-0.26132793783272
0.41767342501212
0.40703691142008
-0.60282941889150
0.31675981791539
-0.94226458479756
-0.66503835593585
-0.02612022544542
0.49307945998995
0.29655533670287
0.72356557972895
0.19747566021861
-0.27010594786615
-0.07422163480624
0.44422905400592
0.12462049402512
0.26012874872430
-0.29697325234160
-0.54060103862574
0.10452139848122
-0.04034562736766
0.68010078402241
-0.33356567860281
0.40758441314454
-0.61571651353301
0.16739238294186
-0.00335011771105
0.09538067276374
0.48227777214827
-0.48831423115372
0.09867471274858
0.26917654567825
-0.15024507378705
0.00652699778160
-0.38765395171365
0.35009051596284
-0.36073519259725
0.73203537693808
0.24186672980053
-0.76259124640496
-0.04722743949258
-0.08712973822240
-0.02911393857985
0.12915843172425
-0.02319793497361
-0.33501669081627
0.17024207542196
0.35463491424668
0.09613754045970
-0.09114991877747
0.70860416102624
-0.54410002685343
-0.41899175449228
-0.00851499848464
-0.05919697883502
0.67743087591484
-0.02345559607421
0.25512588687945
0.14357693732883
-0.35898129332763
-0.09923914917709
0.36863254772901
-0.92770088879750
-0.39337346953963
0.25618173333638
-0.17581327873087
-0.35839414846077
-0.04463331124030
0.76211636455828
-0.12944153888591
0.01515706675833
0.21011577276984
0.51856027241729
-0.71838407205343
0.12573110876872
-0.05278790511786
0.67235582725720
-0.31317162993977
-0.14342658135268
0.23138788679214
-0.21033983733986
-0.00727689033713
0.66213736294868
-0.10168959717345
0.36660211736644
-0.27622042655769
-0.31058534808018
-0.09094854634765
0.48104156762410
0.40300352564221
0.78469586967709
0.33090605788441
-0.56060785267530
0.93959113487023
0.21834025309344
0.27828826442281
0.48580948053198
-0.07472956184052
0.02483905713299
-0.25001854926814
0.29616270600639
-0.91651383690374
0.10020663081678
0.38436286960932
-0.01087233005598
-0.46250198244234
0.26954297827070
-0.43575446979876
0.05334777061518
0.01131428685566
0.33482182134633
-0.46452719320754
0.04974588986940
-0.28216161126372
-0.06113010880590
-0.05580768084890
0.12728868710217
-0.22449152927124
0.05115180558113
0.07267587449061
-0.23399861726630
-0.30081557822452
-0.50925707514829
0.44242908127719
-0.32468813486616
0.33038654612861
0.58273235875309
0.05960101217944
0.15223071731265
0.00606636842995
0.02384800465025
-0.17552471169062
-0.34488707284671
-0.77750868526171
0.18588867931901
-0.11734089074533
-0.52321740171091
-0.07403690976744
0.30660958090174
-0.03143139557514
0.05447358500886
0.24257012561083
-0.61215408407718
0.42674439560005
0.19359671566337
-0.02049773001135
-0.26392059971761
0.33560967507568
0.19127602185648
-0.15573657311301
-0.58813948956697
-0.47513168234151
-0.10852794447380
-0.47182535169265
0.02483352228293
0.05429093123148
-0.39547661104960
-0.56914176352748
0.37250464240671
-0.00463600736327
0.19443971765900
0.02825754835655
0.05414096547949
-0.01069082227102
-0.08931258790629
-0.02882222460062
-0.20804318096863
0.75293716590523
0.01223362563748
-0.07696990998321
-0.52659211937645
0.92712041080330
0.74834201892295
0.54898833695286
0.16601716501918
-0.76404271729479
-0.04153218355101
-0.35388622961654
0.05520597009696
0.00309626665111
-0.76973920304782
-0.34547388010913
-0.18358889416959
-0.78941925791531
-0.39051566663688
0.62433349742756
0.01855640952408
-0.10506594185953
-0.73561786941049
-0.12429008964649
-0.50622837641566
0.37928670895253
0.64192308142871
-0.02878410649895
0.37817880668593
-0.73114400391055
-0.36242422245556
0.09367028581615
0.91566516408495
0.32587242141639
0.25544334214900
-0.68486847248155
0.79693925324685
0.10890794969579
0.62711114093061
-0.18411983558169
-0.76754327340403
-0.86930160264918
-0.37722551328001
0.63044646830784
0.91984979618334
-0.60720351133831
-0.30752011635691
-0.01832581545148
-0.08121555022952
-0.03480827158075
-0.06977087448806
0.06603331960087
0.75617323385373
0.76940872975132
0.00677103456425
0.14280643041376
-0.38598901517037
-0.59046307699311
-0.00200950307865
0.09477741974163
-0.01480883733128
0.50090536312242
0.55182834973178
-0.04551814871166
0.31309758606977
0.30375317358587
-0.55733307663227
0.01910129143815
0.48948808223451
-0.09003013004085
-0.38003191695550
0.05899871329730
-0.11336759715964
-0.09320730999727
0.15134411358803
0.02896798869081
-0.42453122950370
-0.24131939198883
-0.18171794674439
0.05069047401226
-0.74475547752565
0.69058032552273
-0.33714337243566
-0.21545052305583
0.16967412464771
-0.74744967825126
0.02788349056052
-0.06670436312757
-0.19217370319747
0.34170551893381
-0.40091008897913
-0.12064497225017
0.05015049458023
-0.11768491897624
-0.07148236505291
-0.02748375852941
-0.54836678204516
0.36141813097588
0.77284601366746
-0.03451936693607
0.59226183015493
-0.24866617482559
-0.29496987736550
-0.66240918667168
-0.48507607518000
0.14135177626337
-0.66211610411392
0.08809034483884
-0.63696979854115
0.18337360964314
-0.41246875953510
0.66489821237740
0.00035579781996
-0.25658293499452
-0.57152507294506
0.26395927102489
0.26916189504283
-0.44116002621183
0.13252765458661
0.59274485129525
0.21018138258261
0.25051479332639
-0.25588927010814
0.65582233791045
-0.26292593649725
0.60272649610542
-0.61383175738800
-0.44025098413241
-0.51677953755333
0.22212123601796
0.66732128181836
-0.48046116320438
-0.19309903969667
-0.46444771786427
-0.29209389271778
-0.20228061508494
0.67160701829549
-0.16817906180778
-0.11558390833232
-0.35464614879091
0.41099442374473
-0.92252079999192
-0.16403924076075
0.19372663190296
-0.56241384081655
0.04110447039879
-0.54587920827134
0.74552142421972
-0.38634706585964
-0.72086909819435
-0.04584292045135
-0.88829794660597
0.15144721984465
-0.17117510930224
0.25282750709580
-0.32173139896324
-0.56241401171424
-0.16580436526137
0.23278210509232
0.12937516399164
0.54457446958151
0.41006119056142
0.29105338793763
0.00074031250586
-0.64705964021713
-0.36720418900587
0.50645729410763
0.31761488240101
-0.21294669351212
0.95154456792006
-0.64857133601260
0.22177844132380
-0.62998590042348
-0.55563503948768
0.44013016505173
0.25262211554340
-0.00923736300750
-0.00645000115337
0.41808737833895
0.68296260837603
-0.62518311134781
0.55694292371950
-0.20151881557029
0.67684820605295
0.08377483491030
0.24601476371568
-0.73597516246884
-0.90690135439248
0.10148600773024
0.02147010388853
0.36782671854264
-0.00610594079183
-0.16640866741836
-0.84241242466607
-0.68161249239073
0.62667218205830
0.38246791129115
-0.37915724766401
-0.26054200542185
0.22959147404395
0.41342523573592
0.43119414776154
-0.27985141439356
0.27264014178544
-0.43299662248837
-0.04880646245964
-0.82977406998620
0.10955821122488
0.14993878554084
-0.01491867798144
-0.03823105201043
-0.60781944990522
-0.25858629274116
-0.30351630659006
-0.15682600352765
0.10598604898247
-0.37263277516357
-0.77916766227184
0.37172641063655
-0.63494257053125
-0.23625961236482
-0.10600932785590
0.51546764304650
0.23981539078048
-0.15310977592743
-0.20239127623029
-0.69470478766351
-0.34689706812934
0.43796998981292
0.73795997339206
-0.11852434795281
0.33374463456392
-0.01221632492366
0.28755293799916
-0.43963070187700
-0.38302775071144
0.45730428558649
0.16912333023228
0.00098952278541
-0.40608927393616
-0.30199541351851
-0.26990560082249
0.45676275783068
0.06330048668352
-0.36856944317397
-0.81492098225975
-0.01280239364728
-0.25706292933648
-0.31945319768016
0.19177558980499
-0.15384115099620
0.47246477495528
0.36774030764016
-0.13756370131744
0.09534957683429
-0.81461113170470
0.49382523423705
-0.00490829954152
0.06503020695645
-0.42473329576884
-0.71210602238407
0.37037565855793
0.20924282875342
-0.11667493223989
0.35843842074202
0.41970317923450
0.28844029283544
0.69480814630855
-0.76565859409313
0.49270092160101
-0.00651565054735
0.45837468023336
-0.56649074497004
-0.27890494571948
-0.06363204077987
-0.33044786440695
-0.65563557327522
-0.43256628812876
-0.50138479587686
0.24937719257985
0.25653462030763
0.02976419033006
0.60798778087273
-0.53143772600751
0.08084370385895
-0.26693607460099
0.15024282417737
-0.79828880997295
0.01357440092302
-0.74137820850191
-0.41778813787633
0.35931128513036
0.51438958035521
-0.25391057983689
-0.03611490644334
-0.16632117199075
0.32961939104349
-0.38070642826180
0.38634947239717
-0.83143372825879
-0.10707715438077
0.20503874458607
0.75590292958352
-0.35647538740024
-0.15767797509100
0.16219536874546
0.09288663514559
-0.23725208185485
-0.78525823391288
-0.29869827595479
-0.84715512480920
0.79304702011545
0.78751495982870
-0.47360172191337
0.53024218023300
-0.66626143253700
0.10000378456898
-0.51577607612860
-0.90766782588683
-0.03431743664402
-0.76642668934838
-0.15125268611650
0.15706439463285
0.49106091749438
-0.25857001694784
-0.24935384339157
-0.55946966752385
0.14289091953211
-0.18344886982043
-0.53196181102282
0.12050087709003
0.33872164615370
0.14088418294717
0.08910891138441
0.51582645602330
0.56834065987186
-0.54161578628310
0.30284056966325
-0.32122938303334
0.45506655771987
0.09528348413076
0.27478458558898
-0.56956389479784
0.75670708751153
0.54046968861505
-0.37751620047610
0.46419844239214
0.14658064634846
0.31149304905510
-0.45181217903821
0.30785684022487
0.74759351403806
-0.77982980421736
-0.58397623178734
-0.48265575034668
0.47927956351977
0.24450070934580
0.16365255609325
0.94553706466478
-0.55045821403640
-0.23793920373448
0.77833727038388
0.25824111665517
0.15026420454973
0.38158116414285
-0.54624996359751
-0.32519457876924
0.73934707126550
-0.00998919969890
0.25755823601855
-0.81059349226327
-0.26596784138399
0.14561115910560
0.32373917071323
0.31699067648360
0.16988503661467
-0.00025911815477
0.52360920772125
0.12164889328259
-0.25291225186219
0.43637667383830
0.00932163140239
-0.09639074751008
0.01666855393754
0.52659592615748
0.21315133721249
0.17384807168220
0.16489634251450
0.55255626214322
-0.02166603087525
0.22919615881014
0.56127650689393
0.19491277923571
-0.18691717516022
-0.18236845041735
-0.68901072521182
0.44817928571635
0.32258675448717
0.43701261767978
0.03943546118188
-0.29912582426291
0.35456643409774
0.22416649908953
-0.44555661289280
-0.06924060502520
-0.65766677896384
-0.36011364979675
0.04862699520245
0.06877682221531
0.22942313562586
0.84293006818878
0.38808631728780
0.10887431451533
-0.35172294236334
-0.15827426182026
-0.24945205415108
-0.41318872403968
-0.02511192440293
0.10553434635770
0.11091926186854
-0.11660135635948
-0.25949956069677
-0.32368509160526
0.84145815337145
0.21416682666827
-0.56777961392318
0.78254447913847
-0.04660299236262
-0.42315281202232
-0.22266872749788
0.21627969397990
0.24527669383459
0.42735955278732
-0.53978677072552
0.14096982876815
-0.48774727084103
-0.66326002295281
-0.11975574359286
0.35516469616218
0.34346318866288
0.27555609972941
-0.61736867559020
-0.19687667079124
0.21008819956802
-0.50785086094767
0.30306646800743
0.02527196194291
-0.32347761063067
0.06956342424711
0.31800305299368
-0.01366517320912
0.19600177006610
-0.15167470516249
0.03408708331831
0.91448438862082
-0.11529092496042
0.10660860366496
-0.28052916809941
-0.48095248522281
0.55961497107503
0.12744246708576
-0.10848638373822
-0.24070684623006
0.22292377018506
0.05611619449040
0.25117744982763
0.66066967587018
-0.26600331406389
-0.37126724439266
0.05148540532751
0.31924226941506
0.08489813007642
0.45172073619986
-0.29996004528364
-0.23729534551375
0.01995674288830
-0.11922878824138
-0.54447595660783
0.62971736007823
0.53266827786931
-0.18106161345777
0.31162250056473
0.14388746495540
-0.21517261081150
-0.44428765189102
0.56204418771064
0.15998664924874
0.11546618263957
-0.03895161302711
0.77560306050610
-0.30745367766705
-0.92861181913345
-0.55064755424422
0.14307680825846
0.17502206665232
-0.55143228943992
-0.05041449286529
-0.49877289705853
0.10694750915605
-0.17423723227076
-0.14316474187335
-0.36258852638425
0.24431449745051
-0.20733808596029
0.18678125282134
-0.02424449148786
-0.61826606216760
0.81463258285757
-0.38902299031104
-0.03000194953289
0.18399874036387
0.07914350930561
0.35669817000474
-0.44793789901209
-0.71179444795092
0.66713001563546
0.20634519132150
-0.50065622688302
-0.83101739726542
-0.65546613077422
-0.25013420137117
-0.44793901985881
-0.38489953632695
0.55878609538022
-0.37693559442504
0.49315340746807
0.53451177176764
-0.51402358501871
0.12293143808978
-0.14005349443297
0.44659366572583
0.92523540692648
0.11872244166151
0.72521835273375
-0.87568200979181
-0.68954874234719
0.40199053492490
0.81044565923998
0.09937070733838
-0.08613297859492
0.05408892643363
-0.64197995450440
-0.32435958428511
-0.42989312178916
-0.83944822141875
0.00594141474270
-0.24342536239113
-0.57916999029888
0.06050016268180
0.24363881919702
0.02869511955823
0.09085477101191
-0.40068253241511
0.02640777268745
0.29936399138503
0.34187249436130
-0.72039356442187
-0.82374514118943
0.43946263028284
0.53612594238302
0.39284964808861
-0.08815834489100
0.43345382410728
-0.28655363912068
-0.79522125366853
-0.43181674388788
0.61985983355896
0.07574102146353
-0.63728163048498
-0.13632512378335
0.52939265525406
0.15043568711282
0.09117294852211
-0.34379932067534
0.07141906305748
-0.28365280725232
-0.08863883469656
0.21099981070077
-0.03313612846338
-0.04814152282110
0.00088302651461
-0.24217594053698
0.09054874167337
-0.13103248883552
0.33639282283205
0.50914819282906
0.01521484088861
0.10104855620351
-0.16190427176743
-0.09808336296030
-0.37155494204329
-0.20643911939414
-0.30962805697211
-0.18807018510442
-0.47871916716859
-0.62383857165642
-0.70514649884084
-0.30715095731763
-0.43884547633996
0.34963249850535
-0.00222599040821
0.25407326466128
0.22764502290061
0.15691403120612
0.25813513773407
-0.21477146363574
0.35425414999679
0.33795964733602
0.74175476177677
0.22752842643649
-0.03299455765309
-0.39792047040440
-0.44704926267595
0.43194444311408
-0.00126631651133
0.26799389313347
0.64278908243533
-0.22736563125037
0.37721512111706
-0.29961400353332
-0.00872028572891
0.30056566526208
0.95432095134366
0.05094503660265
-0.14081465599165
-0.06419219545284
0.18073110337403
-0.36788882844517
0.37803918233981
0.05427236345330
0.02064624150314
-0.67720386417452
0.68254284313067
0.80889343182039
0.37894743931431
0.04025591539231
0.39340947726435
-0.03701926397021
-0.09057559635983
0.30969038387280
-0.55874175557808
0.08171058822503
-0.15896157415535
0.53587175045902
0.47473834477120
-0.61080927197393
-0.09136227801971
-0.31943833703149
0.83232510594294
-0.16315584683938
0.04215306557815
0.00943251327119
0.57530195246232
-0.18086810604710
-0.11400612635259
-0.22347878442308
0.12826886825649
-0.46654307072356
0.13532698440148
-0.56374233242299
-0.22351127500809
0.15919477965645
0.13982155413359
-0.08912264746107
-0.80301129063732
-0.31779182717101
0.07272645601664
0.24572469584910
0.19093417245473
-0.83717199407386
0.30757909701559
-0.77166567033700
-0.43443009184414
0.14130778244757
-0.18778138430220
0.22107737847654
-0.76785285387554
-0.05710872731037
-0.49483943939900
0.26603072288727
0.38122383010631
0.18828324702954
-0.17927257725004
-0.31116945450714
-0.30882372302414
-0.14885933285060
-0.66949465808901
0.38089825230692
0.79571824697578
-0.71069914834141
-0.27800651838910
-0.02761745873262
0.01986758877517
-0.17684445305580
0.23524903703260
0.19507282469192
0.04069119600611
0.15550594597846
-0.26288290753164
-0.05884284901379
-0.16538489105431
-0.34657515275598
0.05032247633223
-0.25330765277767
-0.06174269740551
-0.28343471897926
0.09362547569611
0.32811653536191
-0.53570925795273
-0.40160972457454
0.36594469908902
-0.66275895743759
-0.65350387601811
-0.16236396513989
0.22864137181483
0.24149675166304
0.08585037108783
0.17768813631390
0.21597933825850
-0.44971289832597
-0.87085551157168
-0.14982263843986
-0.85148615662543
-0.71059571751887
-0.21053256337090
0.10280139935333
0.15322654468623
-0.14569395181988
0.24693291366423
-0.23560955712367
-0.25255665381092
-0.29912694371265
-0.06344130684782
-0.20934358993980
-0.45976808316064
0.11859419388631
-0.06160025534295
0.46249868090381
-0.14960740560182
-0.08819999410221
0.04616998138194
0.10921346866955
-0.83810316391201
0.29993543974121
0.12268260359889
-0.75983740191899
-0.08831450999170
-0.21875583437213
0.17234383298659
-0.53648044333629
0.67910415152046
-0.20290992744402
0.58860144093102
-0.52924715565948
-0.08144121108644
-0.01476055337803
-0.56947539773280
-0.16646298913586
0.69723274172155
0.40486028809327
0.36633979266805
-0.28605602089598
0.17580960466331
0.45237040633912
0.23165718709661
-0.41441607354880
-0.15674125503597
-0.32839963274468
-0.68665017824930
0.00054562510948
0.30634285710116
0.65718595155384
-0.51086599263869
-0.21338536414010
0.15321833461207
-0.35280480065979
0.24850679899031
0.34402337453515
-0.53844877543787
0.83284014362508
-0.29826742890210
0.32099304875405
-0.46378565740948
-0.21706985040431
0.61345907655240
0.76035777281986
-0.17015703170102
0.12155216099767
0.87139472219692
-0.86582145600851
-0.43666960412481
0.22312281849940
-0.56840007406119
0.16639711948410
0.12270611530296
-0.38644769805784
0.25667629915135
0.40751344403602
0.01387177315255
-0.84929027867005
0.32697470501390
-0.37302093784000
0.46710245286445
-0.71533908122933
0.09288691966463
0.71757434481642
-0.01076794090251
0.60175230987452
0.33597005733101
0.07915490450298
-0.81423883969627
0.17162341073697
-0.81338808816550
0.33039733503498
-0.30045343576952
-0.19872043011650
0.07455415934071
0.46241226860434
-0.53616251355790
-0.50127558107547
0.50490195886460
0.09062603073689
0.29977899990034
0.30132795046145
0.64840659575928
-0.74653907713785
0.06721603081898
-0.32277233028913
0.34632227027152
0.14281321183909
-0.05843213855216
-0.05543502934996
-0.54986239762505
0.29093458423900
-0.24297721648727
0.45943141470637
0.27099955560220
0.02438758175093
-0.27063133021380
0.06503222466681
0.02086884296540
0.63955754490549
-0.70384301836781
-0.22041115780380
-0.47722245588769
-0.47200219029188
0.27201168950275
-0.46106863183019
-0.60384579822600
0.56137719031487
-0.42906321232629
-0.56303306136422
-0.21866326929008
0.09264947385185
-0.26360086037945
-0.40867268592523
-0.29948937720595
-0.51925866655971
-0.09851684006793
0.19702412197228
0.22990063681728
-0.67287452131178
-0.22650746266661
-0.06716099710537
-0.20225809570507
-0.15915240261664
0.15318029986377
-0.71821839162997
0.33100656528538
-0.32684962047583
-0.46558748579844
-0.52068831609594
-0.38722227112726
-0.27367734363008
0.36661809467087
0.27214213566489
-0.23605761734585
0.35481258358565
-0.45315135477723
0.05872794662543
-0.67647371379494
0.37234554457122
0.80878962846882
0.28551416950557
-0.37918460293635
-0.49176693963435
0.52511968534678
0.08777930358787
-0.57156988632473
0.08118349829744
0.16630127614657
-0.42604149571901
0.39728210884951
-0.07154052009412
0.52504005866360
-0.20592688545861
0.57488406802289
-0.30072947233018
-0.07405350360742
0.17528435270082
-0.59928997401115
0.45945455714104
0.21365708867724
0.32163567017840
-0.06835111000964
0.28590833269335
0.10268494491590
-0.10178505540909
-0.86031005199082
-0.12996447837444
0.23463913297031
0.17951509877085
0.14604032372406
0.26964858885372
-0.33138607411244
-0.18384538180374
0.08249516137060
0.44323742503451
-0.07105770803572
-0.19568204935439
0.00609437842206
0.81069643460712
0.13440264488310
0.68457804698710
-0.17495086052220
0.20336061678983
-0.10276281419339
-0.27945806611304
-0.05227631146660
-0.36274962004402
-0.39133689570769
0.43780282113599
-0.23102294571280
0.56589583473555
-0.77682280902603
0.16049171619140
0.26555354020817
0.05922363375277
-0.33500945350854
-0.25543333648491
-0.22289678138816
0.25457126379692
0.75521928060577
-0.62087417096872
0.03616584513158
-0.13406702183842
0.02797987639344
0.54484650005812
-0.24876571737638
-0.34149348425748
0.16133553402561
0.29115971796734
-0.51975736511860
-0.34482971129233
-0.22532584295856
-0.46216735358451
0.43782198030400
0.34406461396444
0.02027982101789
0.81914920956788
0.81761527425498
-0.65814073926683
0.74243422678785
-0.52462834423623
0.64583710052345
-0.46425793853787
0.51248963759862
0.19046887065771
0.35873525652976
-0.64559030423201
-0.10298805502382
0.43985877951601
-0.31860891278768
0.50492825848280
-0.44671124333828
-0.27851434111526
0.60026115253580
-0.63384538965013
0.34969839330283
-0.23041259368435
-0.61733036330777
-0.15212339030212
-0.47209042984624
0.21812614249910
-0.55679546229392
0.51222153311233
-0.24212549265573
0.16595915060768
0.46828074123165
-0.43248661022283
0.14589079895331
0.18016371651560
0.50432249182105
0.05104167063303
-0.20696839932677
0.10802647150495
-0.39781951643425
-0.66717230187132
0.08198053766134
0.17219629565822
0.29252762873309
-0.08825672515121
-0.37207672063824
-0.00106133846616
-0.55331498223977
0.33601102900506
-0.25577475654696
0.49558590794708
0.21588731380919
0.35265491639853
0.01695758989870
-0.83222071073587
0.33283197802158
0.61522061546111
-0.02855610522840
-0.26877951634525
0.00683909980899
0.25086528493597
0.54276980484965
0.17379499188335
-0.51391662541494
0.56630500246133
0.62062304030202
0.04904352084223
0.06395158779991
0.46776400714543
-0.07058725788751
0.72716843044719
0.61354312422385
-0.64786386985698
-0.35914643311833
-0.58184115010399
-0.19661305248580
0.44006751451644
-0.09811809849838
-0.28206635139979
-0.05804127457460
-0.02846766311138
-0.22577859192424
0.95347145802969
-0.35015130199033
0.47992134908211
0.00668904418437
0.22438838902134
-0.05837749506271
0.16234216241275
0.46705728092559
0.62689930555732
0.44934295278478
0.67156856910864
-0.21247239048242
0.43287926094275
0.15058393084937
0.25639022712428
-0.00213112076844
-0.00003028335051
0.08473485153389
-0.15618203820483
-0.09493117551083
0.32049104725965
0.15473969660454
-0.83820811046204
-0.54816047733098
-0.20244313459957
0.66659634777652
0.36323144070955
-0.36346943879662
-0.46619045057622
0.61731109424369
0.50937783276168
0.59744505379230
0.41911568791564
0.96969229214345
-0.05746581454643
-0.69310818272322
-0.03407042568273
-0.13371362776203
-0.16610553728701
-0.52409083560300
0.83659138662582
0.40836859047803
-0.29109928630809
-0.30912258956075
0.08992343586400
0.40515436437221
0.39875268489064
0.63408768299692
0.81927239560488
-0.69828830738472
-0.81090323851020
-0.72532686112697
-0.38561740582139
0.42976465515316
0.08737851590262
0.27493905056032
-0.37082605919374
0.02503701347161
0.72437194070051
-0.61706236592357
-0.27699232999095
-0.34990805124394
0.47560757700149
0.23077380993905
-0.20167433805842
0.36941836558721
-0.03376532906376
0.27664069425158
-0.37347856926428
0.31751199500519
-0.04755249807963
0.33148605671315
-0.41396657070795
-0.33358304590619
0.03736115760978
-0.14990631404794
-0.50233764830154
-0.12419593293415
0.05498843689216
0.17951133529633
-0.08621365394733
0.26730726625179
-0.40412197373999
0.11236129240708
0.01486190176330
-0.62816321692810
0.01125076646509
0.14346660726865
-0.26722175826655
-0.34233915495795
0.79161421432701
0.14886923420656
-0.28553920392205
-0.05031380013112
-0.42209990575076
0.56305716445812
-0.41673661461879
0.59866322092650
-0.20411964189453
-0.27914637666156
0.24749298405251
-0.13766181987601
0.07805545072912
-0.44358111472967
-0.65861672799039
-0.55636636566202
0.04339337630355
-0.06574869624607
-0.88247795444097
-0.55818965451708
-0.06567631618384
0.13625466364261
0.04066254526408
0.36400749458187
-0.42992751972281
-0.10143400174632
-0.42748486084281
-0.43718039451036
-0.06079696168229
-0.46078185339495
-0.19997588274999
0.14958657005317
0.39629551786757
0.69884856124355
0.41163593829220
0.35078213333654
-0.02106666565922
-0.20963513069303
0.50950461090985
0.02185416502033
-0.84425545243745
-0.23116892819813
0.31825159691193
-0.45412953125971
-0.63452694920568
-0.37410108343423
0.62323146342450
0.22441343042274
-0.35339235484292
0.45037816392741
0.22422700851421
-0.07401756060962
-0.42506360887786
0.20035363743098
0.04387250870647
0.28711606389243
-0.18276813960763
0.74904574116182
0.30717234886585
-0.34050577010052
-0.51078621321860
-0.02903585602950
0.45526326096396
-0.75264667102725
0.03561290401761
0.61478162771779
0.26601979474817
-0.16029266927405
-0.14516715619022
-0.81883779532222
0.22797657746262
-0.05903621206946
-0.37969702965566
-0.57971301003346
-0.48928973660306
0.15154810396561
-0.14616552002084
-0.83882795965244
-0.60173456072888
-0.23913850413595
-0.42371790223928
0.02958176845200
0.31610071766940
0.53399057804327
-0.50788967986959
-0.25699148059683
0.63438113342709
-0.43192636102062
-0.10370099269957
-0.11049378202785
-0.79925929792191
0.29108731322507
-0.04520978780706
-0.19907959606456
-0.70856756051470
0.00957025588004
0.17375859626278
-0.56510923130676
0.12050007382431
0.65774687363661
-0.88856877195117
0.87425251112983
-0.04864316622198
0.00936177187104
-0.21424212968640
-0.19963627783565
-0.02538288059895
-0.06577857167729
-0.30931765321145
0.33710702524386
0.00763262808678
0.11209376254682
-0.48769021848575
-0.57262341192580
0.20230024550217
-0.04368092540823
-0.06682455170286
-0.32239498492442
0.79625855190505
0.09991224440742
-0.27966115217640
0.25587343389908
0.56064719034389
0.34661515957984
0.42751323731035
0.14456630039241
0.06879937651977
-0.22390259952466
0.03513521050808
0.01218472095774
0.64515614260228
0.67386687811178
0.32790367599945
0.11139786388324
-0.61569617065401
-0.10503433463398
-0.07309980600751
-0.11724732635415
-0.12327589892003
-0.40335672320954
0.29308308255537
-0.00200979644526
0.52433445934408
0.27008660522759
-0.00365088740534
-0.19345620795780
0.54163738784457
0.26744274760943
0.27676162928192
0.06375868947420
0.11583611374527
-0.47567059401221
0.49794850009398
0.23077029140236
0.29313993374498
0.35460878459486
-0.32968124809194
-0.07474044527614
0.64643767552750
0.01121364674122
0.86681558325273
-0.16856253900033
0.72718948858194
-0.04904170895416
-0.20269197048745
-0.20828490713997
0.15348943376610
-0.07652999557393
0.39340577618843
0.12507494358582
0.38299420912889
0.65538390896068
0.07058893566513
-0.35525416645932
-0.13811182190576
0.10011175978003
0.38336907019064
-0.54279598991517
0.28152477148991
0.42858412695517
-0.20155433528198
0.57169243906238
0.75878208491895
0.08959940219745
-0.01980927587478
0.45032089550529
-0.32146600509131
0.89629388735457
-0.04227211468028
-0.06525074088259
-0.34795391622370
0.85256209822957
-0.11848416045238
0.80417061587990
-0.17578217209120
-0.10575891430758
-0.51971340389909
0.22856412885178
0.22889772813250
0.39043167391346
0.81771714418089
0.38056368677903
-0.80814767154313
-0.23138454986335
-0.44712960042391
0.29368841196116
0.65476754384803
0.22979934384571
-0.35637445857580
0.03044673196527
-0.33477749877366
0.02310156869846
0.29482869165709
0.33402357591969
-0.70446549435354
0.05796914038154
-0.09313180721045
0.39768068790328
-0.22695574454356
0.06476244799083
0.23674960538594
-0.32931453843103
0.23405739908761
0.20196830816659
0.27559612192008
-0.33346214021252
0.11755412030851
-0.52309265105198
0.11908863071310
-0.03226194532228
-0.14155914734190
0.50166883110146
-0.77166518139265
0.84964150881844
0.33314871151613
-0.01352096675593
0.12988497462584
0.92022125186409
0.35231600345686
0.55014646777424
0.56421111270981
0.21999912626110
0.13021437410741
0.17409637252525
0.33749353156308
-0.69905909043693
-0.26215330244142
0.05796190540211
0.75770585041386
0.43326876891463
-0.43694060874960
0.20843518954163
-0.71620980497273
-0.10763076884096
-0.00303406734161
-0.27596380295044
0.64697538253245
0.42579126796955
-0.43415385365214
-0.16430866493113
-0.22082860405595
0.41845082185159
0.57416216031376
0.16885011511336
0.33726580968931
-0.03263128131285
-0.03337016097893
-0.74146450624869
0.11363924346568
-0.71739014131827
0.63680542709157
-0.36243452381456
0.00583033357087
-0.30900629577646
0.00874008145590
-0.48612012643652
-0.66732120312160
-0.14905493154612
-0.12459513457706
0.52201915649791
0.55551149628847
-0.14411507646745
0.03429086694228
-0.01505653979958
-0.40499467654386
-0.47606525592323
-0.05367408043410
0.92511065952718
-0.47917595481462
0.30536881848488
-0.43772585524140
0.64931472886787
0.62081300263331
-0.72862043545051
-0.14006703586321
0.70297257308987
-0.13070194289587
-0.05984226523891
-0.35871011966779
-0.21777248113312
0.17133585697568
0.20371417245069
0.20941162491656
0.04071774335612
-0.14456838376101
-0.50397684448584
0.15504896461733
-0.70717436108141
0.29828653125944
0.88013571541763
-0.85840615949519
-0.32911029380239
-0.51335887727950
0.60742886113349
-0.51420362969591
-0.07830274760644
0.60094427904158
0.22414545492462
0.76800169458985
-0.76607419213563
-0.11783515015516
-0.15519258806258
0.23391748416886
-0.07286359000619
0.29322969088947
0.52924609022646
0.52719757078551
0.00815860508390
-0.44072254069183
-0.47672918228280
-0.85372184070466
-0.57701627285081
0.34515758293921
0.48773532383504
0.07074479762034
-0.05916890039070
-0.03595067003553
0.35332949056911
0.16898746516974
0.25336782552924
-0.04517898105326
-0.70734161031774
-0.38131008966887
0.31580496407850
0.21469587097629
-0.01185340900526
-0.16301238963521
0.15882559826543
0.47878365613464
0.68268800418949
0.05929738053088
-0.74603859928718
0.22251707931166
-0.05373266062407
-0.15699159128451
-0.17783202798005
0.33207307817977
-0.89295975579552
-0.21708765403232
-0.43216902643077
-0.21359864725433
0.42079673587382
0.06684661473466
0.15983540339388
-0.25395072403082
-0.59852311741492
0.91709344318001
0.36408002319004
0.71415637513351
-0.07858441494339
0.51323616249172
-0.03868674628375
-0.02242147085370
0.51211292367061
0.04453362759414
-0.57347206192718
-0.20503069423373
-0.71492213696005
0.53223346524510
0.51445330703373
-0.39318039519395
-0.24962459702493
-0.74166720814149
0.57355953220909
-0.21468974380507
-0.13118076097741
-0.01580385352289
-0.22080790867135
-0.48441189410370
0.45414921802196
-0.44862061154499
0.02406199603531
-0.10874796570686
0.37621394329528
-0.17069434196255
0.15462121002126
-0.17482777273973
-0.25438973412588
0.61449522367422
0.22823899063665
0.10696471953158
-0.45994933809151
-0.08197531573566
0.38168839941811
0.23633349371903
0.26935798454534
-0.36185815248725
-0.25030721223462
0.76597110683376
0.14443845960518
0.60034131985174
0.38253425498611
0.36393712338243
-0.61867453279843
0.71076310133131
0.46450698676729
0.13718842674847
-0.40598451737593
-0.14713874698949
0.27781909065220
-0.36309789696853
0.22433215576426
-0.57693606269403
0.18452254877636
-0.46978845515744
0.13394186651983
-0.11430372256520
-0.01617475227275
-0.48151824785467
0.02500890382799
-0.25942060596283
0.26819698338779
0.09993137936105
-0.12626094796055
0.34647101226564
0.29275107397360
-0.69269746807064
-0.15882852168699
-0.31249937895336
0.78171451705588
0.06831509436868
0.04937756250118
0.00631221989464
-0.07423730104893
0.69754251963345
-0.35357415040656
0.52713519871567
-0.49317702115196
-0.53000783805270
-0.09383690361578
-0.29126074644330
0.13468854135586
0.03698928469652
0.70149973859149
-0.24370849190453
-0.66876841740160
0.13825794502080
0.82733211937702
-0.43945667121534
0.62412574683508
-0.44333691543124
-0.45183159478560
-0.12011019751435
0.01539585926356
-0.89486609906650
0.45627831921739
0.76567773649733
0.02121846891065
0.36289366211877
0.30876555261610
-0.10468767169150
0.58876241119055
-0.42719478552565
-0.00357054313811
0.13525411120395
0.36816140653946
-0.03870589753553
-0.15195739509163
0.21512064766843
0.67328773004622
0.53554697918498
0.35837526123895
0.12849605136015
-0.51551453886345
-0.68770373318703
-0.23538192372554
-0.07514980019776
0.06594727051721
-0.30507154218157
-0.18687073848530
-0.57647496349014
0.57076177819202
-0.30839465852286
0.51507351943994
-0.01429597987528
0.24386689124809
0.30666906633725
-0.64624800982245
0.04545229256407
-0.02721770388410
0.57138645163336
-0.31864744858753
-0.35540061088065
0.26205438993036
0.94441817884539
0.41609675316890
-0.00677169487196
-0.71881931587999
0.08119812239017
0.61036662739253
0.62611505418369
0.60456631174524
0.38189048663801
0.53358033557124
-0.16022815236832
0.01562922495214
0.03198971088603
0.55617333043188
-0.39486131788923
0.52694989998217
0.88446510717481
0.16095069477379
0.41401937017870
-0.17713837054425
0.19890130273947
0.31437460347748
0.08144059781052
0.02702503140412
0.31742348955824
0.34503349398497
0.12572001625119
0.38924104785046
-0.39987538354466
0.08677369732725
-0.10124157932645
0.02128000791244
-0.25882222934571
0.30547616225922
0.15741825250789
-0.01070514927185
-0.28267538560679
-0.23298400045977
0.60674704127328
0.22885782235715
0.36463742440782
0.40610562190698
0.53618749395767
0.06700988349831
-0.01794325421469
-0.18281641238500
-0.13979471853925
0.42413433754078
0.46929786329591
-0.05034759875869
-0.24732363840906
0.63334448478806
-0.47975530637417
-0.64616815403391
0.17512346020673
-0.50092333718246
0.28066716076837
0.74183431907642
-0.14860030689677
-0.02952879622091
-0.27978350188573
0.49005567724353
0.04726331683214
-0.50279355258811
0.11156748240421
0.70900169234211
-0.02252582415125
-0.00464278459765
-0.36782511666782
0.51773099439113
0.30920180646200
0.37522750691288
-0.16953214498681
-0.94383892134942
-0.64111450763471
0.28844441021254
0.55172347303095
-0.13874669426062
-0.27033659083319
0.18365269721656
-0.40452889790969
0.40125541640504
-0.09055695407584
-0.50124060572183
0.20712467711751
0.12203587969860
-0.29114890344960
0.31335627348784
0.12512850813806
-0.41941326457048
0.80897460403339
-0.10464766440198
0.15163057397661
-0.64432486083560
0.19317590780238
0.02592518088684
0.24043454427292
-0.13801471290086
-0.23294385719716
-0.00090964604211
-0.63777934696422
-0.04920275139120
0.51522604213805
-0.48590352176032
-0.39843986388223
0.29453303119844
0.02121869755034
0.11382619157146
0.08990259659006
0.03299029498966
0.01088101091370
-0.36258108465121
0.14788425953495
-0.36751914553694
-0.38097519212448
0.54780712190448
-0.54577817281046
-0.59392301486522
-0.70433748313428
0.64830358356624
-0.36984125216018
0.49533526343076
0.07497358558465
0.12471274897676
0.54882326002644
0.16279579846319
0.03823408765636
-0.06564458369540
0.67250154664391
-0.10886115818697
0.77350859333459
-0.14831452963330
-0.44542453924447
-0.65581983404971
0.48240498103313
-0.40888966219914
0.57573486705112
0.53135426460363
-0.61676858953050
-0.00547668617474
0.37257321615358
0.95885731184802
-0.23728689608969
-0.06625354851887
0.16739374313848
-0.62356616958211
-0.50807899027508
0.56610127657936
0.09418766251495
-0.10145437023670
0.16815715384118
-0.40605094535558
-0.28110641300730
-0.74568953260113
0.82188177519566
0.13373214292048
0.14131593152011
-0.11992137325924
-0.58157380371428
0.80315410522891
0.08968454184462
-0.02693767707187
0.08977623567440
-0.20234438367297
0.15795641073862
0.80031569199651
-0.61231733654268
-0.41934122676930
0.32885710165317
0.15991588503118
0.15933209245993
0.25332763849447
-0.43057251322575
0.34783551392510
-0.79830846553590
0.79389605428739
0.34661644294235
-0.22305692323626
0.42524591992853
-0.14618947037784
-0.31278475667945
0.15545162519228
-0.55317284285704
-0.18914751437919
-0.04633773679209
-0.21908230856950
0.09231423171811
-0.41961538438667
-0.44054367786299
-0.08785092275955
-0.50414083129919
0.21279104296714
-0.64289792284504
0.33792997633011
0.64416023699760
-0.45982425774439
0.31412421833450
0.30360104250889
-0.57343580507368
-0.49350793310139
-0.96927777676344
-0.03244237230739
-0.15443407984191
0.22980812575194
0.27058393846759
-0.07247890488826
0.02462937218353
0.06329438372669
0.19615208227008
-0.27231833118588
-0.08695194827716
-0.55499850565335
0.20635705963073
-0.27862490680005
0.66560142099187
-0.03225159553450
-0.21034448417385
-0.54608689320557
-0.72679657150376
-0.01592265116792
-0.35910359879914
-0.78697423720126
-0.44168000362892
0.24341872252683
0.10147765330108
0.45430002056728
-0.03009528947533
0.76969772473429
0.16509887304394
-0.19930531140385
0.36268360789990
0.19134631482481
-0.25244101614339
-0.19103114129558
0.76499480324099
-0.54830598111651
0.96327034708265
0.56568245895472
-0.43070178731843
0.14949899360049
-0.57138244880893
0.25758028601184
0.64593835018852
0.31122422838175
-0.66431332503646
-0.18306340751381
0.11859549075300
-0.24622939072839
0.59990533562373
0.13640713046138
-0.63483889383955
0.72834749041514
-0.20483617400976
-0.19497387679060
-0.58060514534852
0.43314850816184
0.25280849228278
0.46324027584085
0.38269789534747
0.04205288227743
-0.04174111506051
-0.45807058245785
0.58224165420152
-0.43465741278355
0.02067430411497
-0.28168868100349
-0.25545549078633
0.27330276801870
-0.04354687083678
0.07463487567130
-0.26795054658686
-0.31222811169560
-0.24529653705903
0.08488509575133
0.30843676082251
-0.39121666010060
0.15630146635524
0.36716300592160
0.22374045579868
